0.36
0.362040816326531
0.364081632653061
0.366122448979592
0.368163265306122
0.370204081632653
0.372244897959184
0.374285714285714
0.376326530612245
0.378367346938775
0.380408163265306
0.382448979591837
0.384489795918367
0.386530612244898
0.388571428571429
0.390612244897959
0.39265306122449
0.39469387755102
0.396734693877551
0.398775510204082
0.400816326530612
0.402857142857143
0.404897959183673
0.406938775510204
0.408979591836735
0.411020408163265
0.413061224489796
0.415102040816327
0.417142857142857
0.419183673469388
0.421224489795918
0.423265306122449
0.42530612244898
0.42734693877551
0.429387755102041
0.431428571428571
0.433469387755102
0.435510204081633
0.437551020408163
0.439591836734694
0.441632653061225
0.443673469387755
0.445714285714286
0.447755102040816
0.449795918367347
0.451836734693878
0.453877551020408
0.455918367346939
0.457959183673469
0.46
