3.6612888786749
4.40640775371323
5.47522187401028
7.02508023179641
9.29152979056317
12.6249275113146
17.5393958055985
24.7706098716263
35.3247249694318
50.4682657376254
71.5489053504856
99.463192806623
133.597552753839
170.413959272113
202.740659097911
221.576438811884
220.797401383291
201.367281654883
170.692613831318
137.77926471649
108.952920919883
86.7888352950308
71.2260219304496
61.0292908422847
54.7456998829026
51.1261525293116
49.2301730543435
48.3959304183988
48.1733941072919
48.2608157427884
48.4561692856458
48.6237745318818
48.6728594644056
48.5444330788346
48.2034347639147
47.6339035661144
46.8356147419227
45.8212413436925
44.6135457809095
43.242474476136
41.7422276297
40.1485034993956
38.4961126666583
36.8171151885908
35.1395500378739
33.486743559557
31.8771198282233
30.3243975412091
28.8380536152458
27.4239301634239
