-199.173163758991
-199.60009058309
-200.128341182093
-200.803341801388
-201.693332986882
-202.900966870904
-204.580320598984
-206.960936349066
-210.379507435222
-215.316136113793
-222.422689908097
-232.512249094534
-246.45307536873
-264.901324572326
-287.872923851276
-314.343827174185
-342.252474947768
-369.121282456864
-392.967449662704
-412.865856416039
-428.894106550244
-441.715916449629
-452.167022311597
-461.008618928798
-468.836012204752
-476.075281056492
-483.01390951548
-489.836824627276
-496.656845597274
-503.537226824947
-510.507291862497
-517.572970747389
-524.723917296621
-531.938482174903
-539.187409894045
-546.436792525232
-553.650564427042
-560.792651060258
-567.828785975792
-574.727963234963
-581.463490116612
-588.013625944679
-594.361826828257
-600.496647253835
-606.41137228525
-612.103464299176
-617.5739061104
-622.826511904959
-627.867260529816
-632.703689811238
