1.25871565391579e-14
1.890779331276e-14
2.84298546206916e-14
4.27993911365597e-14
6.45339069701017e-14
9.75121423476992e-14
1.47772982695172e-13
2.24858937035875e-13
3.44164085914415e-13
5.31229340167009e-13
8.30005347892461e-13
1.31958040712439e-12
2.14970506477918e-12
3.61946234873127e-12
6.35767266005467e-12
1.1748469571082e-11
2.29584682444693e-11
4.74630786016066e-11
1.03360429187945e-10
2.35377733743284e-10
5.55985949059152e-10
1.35234468506136e-09
3.36793316949508e-09
8.55339823167835e-09
2.20934474460372e-08
5.79481183988045e-08
1.54198891329053e-07
4.16112784817827e-07
1.13862467264568e-06
3.15949965291195e-06
8.89186331634188e-06
2.53856058958327e-05
7.35332452597671e-05
0.000216146418061042
0.000644798960533762
0.00195221779346286
0.00599852334460341
0.0187035897555481
0.0591685869288091
0.189860713742497
0.617764771321461
2.03751223586111
6.80917253969951
23.0473534948692
78.9746969870989
273.84106254749
960.407957778892
3405.37198236656
12202.0960421565
44165.2674552191
