0.13574186613766
0.142759630811781
0.150237988716897
0.158225915177936
0.166783184324683
0.175983502268411
0.185918570160667
0.196703347708606
0.20848286317285
0.221441012682955
0.235811912245271
0.251894516602851
0.270071404772451
0.290832857241051
0.314807617231274
0.342802037305686
0.375849655348841
0.415273605361699
0.462764628209096
0.520477802063024
0.591151549804432
0.678253403228882
0.786159728828632
0.920384943349752
1.08789989590757
1.29764556161656
1.56152410663127
1.89660333505874
2.33043119160795
2.91440596641313
3.76008990639871
5.19117057002823
9.74280389132804
74.1010288442682
1158.29766291415
568.088048616704
75.7524852186718
58.8336845221049
58.1930449794758
56.6091741903412
53.8006343616846
50.2544818215371
46.4897619491549
42.8811011321121
39.6233776308715
36.7749245563871
34.3174545475542
32.200015460661
30.3612690636368
28.7367019132484
