-1518.89727393486
-1518.98985297104
-1519.08835388372
-1519.19322184236
-1519.30495126265
-1519.42409614418
-1519.55128342185
-1519.68723025846
-1519.83276648786
-1519.988863782
-1520.15667358597
-1520.33757646907
-1520.53324631413
-1520.74573375096
-1520.97757448223
-1521.2319297025
-1521.51276772675
-1521.82509827139
-1522.17527360439
-1522.57137402587
-1523.02369890872
-1523.54538905214
-1524.15321228433
-1524.86855507267
-1525.71868716316
-1526.73842833812
-1527.97251088994
-1529.47936564237
-1531.33819221145
-1533.66412916069
-1536.64458431582
-1540.64594842326
-1546.9320008777
-1572.46168996517
-1976.48405259925
-3159.16057914136
-3361.40319869682
-3422.02115911075
-3478.89695157236
-3535.33951228868
-3590.10183060704
-3642.14972662991
-3690.95133735249
-3736.42428249175
-3778.77628668926
-3818.34803851273
-3855.50686828967
-3890.59174837099
-3923.89078184431
-3955.63278629504
