3.6639733246946e-68
8.13232552580842e-67
1.80535184097644e-65
4.008658330937e-64
8.90291400506829e-63
1.97773266022791e-61
4.39452669710735e-60
9.76726974644789e-59
2.17149549156744e-57
4.82923428751115e-56
1.0743383235154e-54
2.39088277684541e-53
5.32282568394125e-52
1.18551462060463e-50
2.64160747070238e-49
5.88904475512389e-48
1.31358527831727e-46
2.93179866289427e-45
6.54791570312303e-44
1.46353146366765e-42
3.27398116993913e-41
7.33129745413064e-40
1.64355659117134e-38
3.68954726080534e-37
8.29569885963438e-36
1.86878194047183e-34
4.21948389695606e-33
9.55365940470768e-32
2.17052512991693e-30
4.95226581850443e-29
1.13599537700688e-27
2.62424087364894e-26
6.12345092554369e-25
1.46404228553953e-23
4.62555600739849e-22
9.96375825218181e-20
8.29204874400572e-17
8.42840056966474e-14
9.63695733459361e-11
1.23716758394858e-07
0.000177947105515267
0.285460146322647
507.590092781061
993693.119789925
2127598315.51329
4952277060048.79
1.24651475597292e+16
3.37739565924393e+19
9.81187818969497e+22
3.04600911014323e+26
