1.31430119083473
1.3993086111802
1.4892062727887
1.58413469569294
1.68421331843423
1.78953652772413
1.90017002371941
2.0161481499646
2.13747281713167
2.26411560381721
2.39602481147311
2.53314163667995
2.67543190407715
2.82294842964416
2.9759555860668
3.13519483256435
3.30249371515308
3.48225977917452
3.68537724237822
3.93984353737155
4.32086244801285
5.03837772815548
6.69709375364153
11.0777206054692
23.456031713048
58.9245816132089
154.099877437485
351.343973374685
537.238521199885
450.190823834257
238.130672656872
116.041478976951
71.1921830034134
57.6776751488265
54.1791305634296
53.3562158326593
52.9054770114274
52.1451755936989
50.9155239450591
49.2391995172197
47.2092997267864
44.942702895842
42.5545619058354
40.1434461960174
37.784444225137
35.5283172567672
33.4045040205936
31.4258989061948
29.5938591351339
27.9025654646362
