-500.174100271556
-500.498832733023
-500.84841777804
-501.22456843522
-501.62907486588
-502.063800477228
-502.530676769943
-503.031696996846
-503.568908917732
-504.14440719158
-504.760326492772
-505.41883720734
-506.122147178891
-506.872515914128
-507.672294216582
-508.524017657348
-509.430620650621
-510.39594099375
-511.425968351379
-512.532101525992
-513.740052879216
-515.115137736552
-516.836270748697
-519.417123251089
-524.371918346028
-536.163906966828
-567.15700366164
-644.199000432529
-789.942748991364
-956.276711859138
-1066.82189019837
-1121.92342971899
-1151.49721480027
-1172.53498692146
-1191.24686049156
-1209.51179669749
-1227.76512953164
-1245.9903734392
-1264.03993507195
-1281.74316485743
-1298.9473568029
-1315.53449977196
-1331.42627239212
-1346.58195689431
-1360.99223926627
-1374.67129967713
-1387.64898203061
-1399.9641189451
-1411.65945365189
-1422.77815533572
