5.61982786986095e-27
1.56018856143288e-26
4.33440881255812e-26
1.2050474213741e-25
3.35292797180911e-25
9.33718754411091e-25
2.60259952877421e-24
7.26151757836677e-24
2.02818416029902e-23
5.67127008065682e-23
1.58774626638773e-22
4.45088611483864e-22
1.24943941058107e-21
3.51259402674919e-21
9.89071065672186e-21
2.78970778030987e-20
7.88258941413546e-20
2.23155871001385e-19
6.33040370204734e-19
1.7996993777431e-18
5.12850992373736e-18
1.46527680547227e-17
4.19951753027536e-17
1.20871767265572e-16
3.50436920216668e-16
1.0322627896798e-15
3.16623147790504e-15
1.07816811358202e-14
4.60908386249719e-14
2.75110968073428e-13
2.19358101505452e-12
2.06066752475273e-11
2.10157968105931e-10
2.25303880593998e-09
2.51401495491552e-08
2.91265757127952e-07
3.50256151270026e-06
4.37175869398541e-05
0.000566258348019374
0.00760728088970372
0.10590681430659
1.52616154312053
22.7339404999395
349.550233031029
5539.19388361294
90329.5440303267
1513643.47162266
26026933.4791075
458627007.754565
8271862713.64375
