0.436836630827234
0.436995177714871
0.437153724602508
0.437312271490145
0.437470818377783
0.43762936526542
0.437787912153057
0.437946459040694
0.438105005928331
0.438263552815968
0.438422099703605
0.438580646591242
0.438739193478879
0.438897740366516
0.439056287254154
0.439214834141791
0.439373381029428
0.439531927917065
0.439690474804702
0.439849021692339
0.440007568579976
0.440166115467613
0.44032466235525
0.440483209242887
0.440641756130524
0.440800303018162
0.440958849905799
0.441117396793436
0.441275943681073
0.44143449056871
0.441593037456347
0.441751584343984
0.441910131231621
0.442068678119258
0.442227225006895
0.442385771894533
0.44254431878217
0.442702865669807
0.442861412557444
0.443019959445081
0.443178506332718
0.443337053220355
0.443495600107992
0.443654146995629
0.443812693883266
0.443971240770903
0.444129787658541
0.444288334546178
0.444446881433815
0.444605428321452
