58.433357029115
58.3912641354022
58.3433869125887
58.288896270239
58.2271745666956
58.1577584695942
58.0803193156404
57.9946205099606
57.9005132253726
57.7979089164121
57.686775031038
57.5671231313223
57.439000639327
57.3024873691089
57.1576879546221
57.0047322953971
56.8437686600482
56.6749633905212
56.4984983003282
56.3145678483496
56.1233788528062
55.925150514506
55.7201086324847
55.508489413473
55.2905352990693
55.0664923736338
54.8366155301685
54.6011636396071
54.3603954347587
54.1145764288488
53.8639691606186
53.6088403301157
53.3494582467524
53.0860857544646
52.8189895167982
52.5484303003311
52.2746691142061
51.997963197967
51.7185673654687
51.4367315542028
51.1526998953555
50.8667144845504
50.5790097112076
50.2898179950192
49.9993606246292
49.7078571919288
49.4155201079348
49.1225541243213
48.8291574257306
48.5355213366256
