-3458.98682035294
-3463.40660486564
-3467.82619719821
-3472.24512262988
-3476.66285047384
-3481.07880851225
-3485.49239290294
-3489.90297771414
-3494.30992063647
-3498.71256943541
-3503.11026571818
-3507.50234894589
-3511.88815946655
-3516.26704111492
-3520.63834345424
-3525.00142345178
-3529.35564757172
-3533.70039289895
-3538.03504845397
-3542.35901654003
-3546.67171360072
-3550.97257108178
-3555.26103643052
-3559.53657361833
-3563.79866391022
-3568.04680649382
-3572.28051867462
-3576.49933639981
-3580.70281488644
-3584.8905284891
-3589.06207127823
-3593.21705695346
-3597.35511877879
-3601.4759102749
-3605.57910441648
-3609.66439429055
-3613.73149249907
-3617.78013111627
-3621.81006168072
-3625.82105470139
-3629.81289978179
-3633.78540482397
-3637.73839601044
-3641.67171726724
-3645.58523019988
-3649.47881325389
-3653.35236146168
-3657.20578605994
-3661.03901397894
-3664.85198719526
