8.08502506359082e-12
1.3996055767018e-11
2.42456751863909e-11
4.20307555256369e-11
7.29128950380962e-11
1.26574324343065e-10
2.19882608463225e-10
3.82243355825386e-10
6.64955502005421e-10
1.15757335859414e-09
2.01654280135059e-09
3.51535334266151e-09
6.13243189047427e-09
1.07052850890113e-08
1.87010071579612e-08
3.26913207506578e-08
5.71873615642374e-08
1.00107622052598e-07
1.75361014205384e-07
3.07395180752437e-07
5.39210582418061e-07
9.46490611206277e-07
1.66253168180643e-06
2.92225691252811e-06
5.1399725025463e-06
9.04682500965177e-06
1.5933955517962e-05
2.80829041313686e-05
4.95279553871222e-05
8.7407294284927e-05
0.000154359281577118
0.000272774952288071
0.00048234940108978
0.000853499628941969
0.00151122130304987
0.00267753226184888
0.00474703058554357
0.00842148651743008
0.0149497391845161
0.0265555504833873
0.0472011439520513
0.0839506257544206
0.149406059351794
0.266062701057762
0.474099974469396
0.845326826672369
1.50815778020304
2.6923711665315
4.80936479024531
8.59614538561542
