0
-0.01
-0.02
-0.029999
-0.039996
-0.0499900001
-0.0599800006
-0.06996500209999
-0.07994400559992
-0.08991601259964
-0.0998800251988
-0.1098350461967
-0.11978007919208
-0.129714128682841
-0.139636200165682
-0.149545300235655
-0.159440436685611
-0.169320618605544
-0.179184856481809
-0.189032162296212
-0.198861549624968
-0.208672033737494
-0.218462631695057
-0.228232362449247
-0.237980246940267
-0.247705308195043
-0.257406571425124
-0.267083064124386
-0.276733816166505
-0.286357859902212
-0.295954230256302
-0.305521964824402
-0.315060103969476
-0.324567690918068
-0.334043771856263
-0.343487396025366
-0.352897615817283
-0.362273486869598
-0.371614068160331
-0.380918422102378
-0.390185614637608
-0.399414715330628
-0.408604797462184
-0.417754938122207
-0.426864218302484
-0.435931722988949
-0.444956541253583
-0.453937766345919
-0.462874495784129
-0.471765831445705
-0.480610879657702
-0.489408751286555
-0.498158561827442
-0.5068594314932
-0.515510485302775
-0.524110853169201
-0.532659669987097
-0.541156075719676
-0.549599215485256
-0.557988239643264
-0.566322303879724
-0.57460056929222
-0.582822202474327
-0.590986375599505
-0.599092266504436
-0.607139058771807
-0.615125941812527
-0.623052110947371
-0.630916767488032
-0.6387191188176
-0.646458378470418
-0.654133766211355
-0.661744508114444
-0.669289836640913
-0.67676899071657
-0.684181215808563
-0.691525764001484
-0.698801894072825
-0.706008871567765
-0.713145968873298
-0.720212465291674
-0.727207647113163
-0.734130807688123
-0.740981247498371
-0.747758274227851
-0.754461202832581
-0.761089355609888
-0.767642062266911
-0.774118659988374
-0.78051849350361
-0.786840915152847
-0.793085284952734
-0.799250970661106
-0.805337347840982
-0.811343799923792
-0.817269718271818
-0.823114502239852
-0.828877559236058
-0.834558304782041
-0.8401561625721
-0.845670564531681
-0.851100950875004
-0.856446770161874
-0.861707479353657
-0.866882543868424
-0.871971437635255
-0.8769736431477
-0.881888651516381
-0.886715962520747
-0.891455084659961
-0.896105535202924
-0.90066684023742
-0.905138534718397
-0.909520162515349
-0.91381127645883
-0.918011438386059
-0.922120219185642
-0.926137198841386
-0.930061966475212
-0.933894120389154
-0.937633268106448
-0.941279026411704
-0.944831021390149
-0.948288888465952
-0.951652272439617
-0.954920827524435
-0.958094217382009
-0.96117211515683
-0.964154203509914
-0.967040174651481
-0.969829730372698
-0.97252258207645
-0.975118450807164
-0.97761706727967
-0.980018171907096
-0.982321514827794
-0.984526855931302
-0.986633964883326
-0.988642621149757
-0.9905526140197
-0.992363742627528
-0.994075815973955
-0.995688652946118
-0.997202082336684
-0.998615942861955
-0.999930083178993
-1.00114436190174
-1.00225864761618
-1.00327281889442
-1.0041867643079
-1.00500038243949
-1.00571358189466
-1.00632628131157
-1.0068384093703
-1.0072499048009
-1.00756071639056
-1.00777080298974
-1.00788013351728
-1.00788868696452
-1.00779645239841
-1.00760342896361
-1.00730962588356
-1.00691506246062
-1.00641976807509
-1.00582378218331
-1.00512715431472
-1.00432994406792
-1.00343222110569
-1.00243406514905
-1.00133556597029
-1.00013682338503
-0.998837947243164
-0.997439057418961
-0.995940283800035
-0.994341766275367
-0.992643654722318
-0.990846108992642
-0.988949298897494
-0.986953404191447
-0.98485861455551
-0.982665129579154
-0.980373158741342
-0.977982921390572
-0.975494646723928
-0.972908573765145
-0.97022495134169
-0.967444038060858
-0.964566102284892
-0.96159142210512
-0.958520285315119
-0.955352989382908
-0.952089841422166
-0.948731158162485
-0.945277265918662
-0.941728500559022
-0.938085207472791
-0.934347741536504
-0.93051646707947
-0.926591757848282
-0.922573996970386
-0.918463576916705
-0.914260899463327
-0.909966375652258
-0.905580425751242
-0.901103479212661
-0.896535974631504
-0.891878359702427
-0.887131091175886
-0.882294634813376
-0.877369465341747
-0.872356066406637
-0.867254930524993
-0.862066559036709
-0.856791462055372
-0.851430158418131
-0.845983175634684
-0.840451049835396
-0.834834325718545
-0.829133556496709
-0.823349303842302
-0.817482137832246
-0.811532636891805
-0.805501387737581
-0.799388985319667
-0.79319603276298
-0.786923141307761
-0.780570930249266
-0.77414002687664
-0.767631066410989
-0.76104469194265
-0.75438155436767
-0.747642312323496
-0.740827632123885
-0.733938187693042
-0.726974660498986
-0.719937739486161
-0.712828121007287
-0.705646508754463
-0.698393613689539
-0.691070153973739
-0.683676854896571
-0.676214448804005
-0.668683675025949
-0.661085279803014
-0.653420016212575
-0.645688644094156
-0.637891929974116
-0.630030646989666
-0.622105574812219
-0.614117499570073
-0.606067213770446
-0.597955516220862
-0.589783211949901
-0.581551112127318
-0.573260033983539
-0.564910800728548
-0.556504241470159
-0.548041191131697
-0.539522490369088
-0.530948985487365
-0.522321528356606
-0.513640976327298
-0.504908192145154
-0.496124043865378
-0.487289404766387
-0.478405153263009
-0.469472172819155
-0.460491351859975
-0.451463583683512
-0.442389766371864
-0.433270802701847
-0.424107600055193
-0.414901070328269
-0.40565212984134
-0.396361699247377
-0.387030703440431
-0.37766007146356
-0.368250736416344
-0.358803635361983
-0.349319709233979
-0.33979990274244
-0.330245164279977
-0.32065644582724
-0.311034702858075
-0.301380894244327
-0.291695982160293
-0.281980931986835
-0.272236712215161
-0.262464294350288
-0.252664652814194
-0.242838764848664
-0.232987610417854
-0.223112172110558
-0.213213435042221
-0.203292386756672
-0.193350017127619
-0.183387318259891
-0.17340528439045
-0.163404911789183
-0.153387198659477
-0.143353145038591
-0.13330375269784
-0.123240025042585
-0.113162967012061
-0.103073584979032
-0.0929728866493017
-0.0828618809610736
-0.0727415779841806
-0.0626129888191915
-0.052477125496404
-0.0423350008747346
-0.0321876285405155
-0.0220360227062089
-0.0118811981090483
-0.00172416990961712
0.00843404640962501
0.0185924351458581
0.0287499804774502
0.0389056665655278
0.0490584776555576
0.0592073981789308
0.0693514128545385
0.0794895067903283
0.0896206655848326
0.0997438754286579
0.109858123205925
0.119962396595649
0.130055684173052
0.140136975510796
0.150205261280122
0.160259533351898
0.170298784897545
0.180322010489857
0.19032820620368
0.200316369716453
0.210285500408606
0.220234599463788
0.230162669968929
0.240068717014123
0.24995174779232
0.259810771698816
0.269644800430533
0.27945284808508
0.289233931259583
0.298987069149279
0.308711283645848
0.318405599435502
0.328069044096792
0.337700648198138
0.347299445395075
0.356864472527191
0.366394769714769
0.375889380455093
0.385347351718446
0.394767734043754
0.404149581633889
0.413491952450621
0.422793908309189
0.432054514972511
0.441272842245003
0.450447964065998
0.459578958602768
0.468664908343132
0.477704900187635
0.486698025541304
0.495643380404954
0.50454006546605
0.513387186189106
0.522183852905615
0.530929180903505
0.539622290516105
0.548262307210614
0.556848361676071
0.565379589910808
0.573855133309377
0.582274138748955
0.590635758675201
0.598939151187573
0.607183480124078
0.615367915145464
0.623491631818837
0.631553811700696
0.639553642419373
0.647490317756879
0.655363037730144
0.663171008671633
0.67091344330935
0.678589560846198
0.686198587038717
0.69373975427515
0.701212301652879
0.708615475055181
0.715948527227318
0.723210717851949
0.730401313623858
0.737519588323981
0.744564822892742
0.751536305502671
0.75843333163031
0.765255204127399
0.772001233291325
0.778670736934838
0.785263040455022
0.791777476901513
0.798213387043958
0.804570119438713
0.810847030494763
0.81704348453887
0.823158853879927
0.829192518872531
0.835143867979746
0.841012297835074
0.846797213303604
0.852498027542351
0.858114162059767
0.863645046774429
0.869090120072885
0.874448828866663
0.879720628648435
0.884904983547319
0.890001366383339
0.895009258721004
0.899928150922031
0.904757542197185
0.909496940657248
0.914145863363091
0.918703836374868
0.923170394800308
0.927545082842111
0.931827453844434
0.936017070338473
0.940113504087128
0.944116336128748
0.94802515681996
0.951839565877559
0.955559172419476
0.959183595004806
0.962712461672893
0.96614540998148
0.969482087043899
0.972722149565321
0.975865263878038
0.978911105975798
0.981859361547171
0.984709726007946
0.987461904532567
0.990115612084586
0.992670573446153
0.995126523246511
0.997483205989524
0.999740376080212
1.0018977978503
1.00395524558278
1.00591250353548
1.00776936596362
1.0095256371414
1.01118113138259
1.01273567306007
1.0141890966244
1.01554124662143
1.0167919777088
1.0179411546715
1.01898865243644
1.01993435608591
1.02077816087013
1.02151997221875
1.02215970575127
1.02269728728658
1.02313265285131
1.02346574868731
1.02369653125803
1.02382496725388
1.0238510335966
1.0237747174426
1.02359601618524
1.02331493745613
1.02293149912541
1.02244572930094
1.02185766632655
1.02116735877924
1.02037486546529
1.01948025541547
1.0184836078791
1.01738501231719
1.01618456839449
1.01488238597056
1.01347858508979
1.01197329597042
1.01036665899254
1.00865882468507
1.00684995371169
1.00494021685585
1.00292979500464
1.00081887913174
0.998607670279341
0.996296379539029
0.993885228031689
0.991374446886395
0.988764277218297
0.986054970105512
0.983246786565004
0.980339997527486
0.977334883811311
0.974231736095383
0.971030854891075
0.967732550513157
0.964337143049749
0.960844962331291
0.957256347898527
0.953571648969531
0.949791224405744
0.945915442677061
0.941944681825937
0.937879329430545
0.933719782566971
0.929466447770453
0.925119740995679
0.920680087576128
0.916147922182477
0.911523688780069
0.906807840585442
0.902000840021938
0.897103158674375
0.892115277242809
0.887037685495377
0.881870882220219
0.876615375176513
0.871271681044584
0.865840325375138
0.860321842537587
0.854716775667499
0.849025676613157
0.843249105881248
0.837387632581678
0.83144183437152
0.825412297398104
0.81929961624125
0.813104393854657
0.80682724150644
0.800468778718837
0.794029633207083
0.787510440817458
0.780911845464512
0.774234499067484
0.767479061485909
0.760646200454428
0.753736591516799
0.746750917959124
0.739689870742297
0.732554148433674
0.725344457137977
0.718061510427437
0.710706029271183
0.703278741963886
0.695780384053662
0.688211698269242
0.680573434446416
0.672866349453763
0.665091207117666
0.657248778146623
0.649339840054869
0.6413651770853
0.633325580131725
0.625221846660442
0.617054780631146
0.608825192417183
0.600533898725158
0.592181722513891
0.583769492912751
0.57529804513936
0.566768220416678
0.558180865889482
0.549536834540244
0.540836985104417
0.532082181985136
0.523273295167344
0.514411200131355
0.505496777765848
0.496530914280328
0.487514501117032
0.478448434862308
0.469333617157472
0.460170954609149
0.450961358699111
0.441705745693612
0.432405036552243
0.423060156836305
0.413672036616712
0.404241610381435
0.394769816942496
0.385257599342519
0.375705904760848
0.366115684419243
0.356487893487161
0.346823490986638
0.337123439696766
0.327388706057795
0.317620260074854
0.307819075221308
0.297986128341754
0.288122399554678
0.278228872154768
0.268306532514903
0.258356369987822
0.24837937680749
0.238376547990158
0.228348881235146
0.218297376825335
0.208223037527401
0.198126868491784
0.188009877152414
0.177873073126195
0.167717468112261
0.157544075791014
0.147353911722956
0.137147993247319
0.126927339380509
0.116692970714375
0.106445909314303
0.0961871786171591
0.085917803329084
0.0756388093231472
0.0653512235368774
0.0550560738696754
0.0447543890801197
0.034447198683177
0.0241355328473262
0.0138204222916072
0.00350289818260344
-0.00681600796862948
-0.0171352644096807
-0.027453839249935
-0.0377707005637483
-0.0480848164936367
-0.0583951553534687
-0.0687006857316513
-0.0790003765942986
-0.0892931973883727
-0.0995781181447874
-0.109854109581463
-0.120120143206325
-0.130375191420228
-0.14061822761981
-0.150848226300251
-0.16106416315793
-0.171265015192978
-0.181449760811711
-0.191617379928924
-0.201766854070057
-0.211897166473196
-0.222007302190928
-0.232096248192013
-0.242162993462879
-0.252206529108926
-0.262225848455627
-0.272219947149416
-0.28218782325836
-0.29212847737259
-0.302040912704493
-0.311924135188659
-0.321777153581554
-0.331598979560931
-0.34138862782495
-0.351145116191012
-0.360867465694292
-0.370554700685953
-0.380205848931044
-0.389819941706067
-0.399396013896197
-0.408933104092156
-0.418430254686725
-0.427886511970886
-0.437300926229577
-0.446672551837072
-0.456000447351943
-0.465283675611631
-0.474521303826584
-0.483712403673975
-0.492856051390984
-0.501951327867626
-0.510997318739128
-0.519993114477844
-0.528937810484685
-0.537830507180079
-0.546670310094424
-0.555456329958052
-0.56418768279067
-0.572863489990292
-0.581482878421635
-0.590044980503979
-0.598548934298481
-0.606993883594932
-0.615378977997954
-0.623703373012616
-0.631966230129479
-0.64016671690904
-0.648304007065588
-0.656377280550445
-0.664385723634596
-0.672328528990691
-0.680204895774424
-0.688014029705257
-0.695755143146512
-0.703427455184798
-0.711030191708768
-0.71856258548722
-0.726023876246501
-0.733413310747234
-0.740730142860341
-0.747973633642374
-0.755143051410121
-0.762237671814504
-0.769256777913746
-0.776199660245806
-0.783065616900075
-0.789853953588319
-0.796563983714874
-0.803195028446069
-0.809746416778893
-0.816217485608873
-0.822607579797174
-0.828916052236915
-0.835142263918676
-0.841285583995213
-0.847345389845358
-0.853321067137104
-0.859212009889866
-0.865017620535913
-0.870737309980972
-0.876370497663977
-0.881916611615984
-0.887375088518224
-0.892745373759303
-0.89802692149153
-0.903219194686381
-0.908321665189084
-0.913333813772317
-0.918255130189031
-0.923085113224369
-0.927823270746687
-0.932469119757683
-0.937022186441604
-0.941482006213549
-0.945848123766851
-0.950120093119531
-0.954297477659834
-0.958379850190825
-0.96236679297405
-0.966257897772257
-0.970052765891166
-0.973751008220297
-0.97735224527284
-0.98085610722456
-0.984262233951753
-0.987570275068224
-0.9907798899613
-0.993890747826868
-0.996902527703441
-0.999814918505231
-1.00262761905425
-1.00534033811142
-1.00795279440668
-1.01046471666814
-1.01287584365015
-1.01518592416049
-1.01739471708647
-1.01950199142004
-1.02150752628189
-1.0234111109446
-1.02521254485469
-1.02691163765368
-1.02850820919819
-1.03000208957893
-1.03139311913875
-1.03268114848961
-1.03386603852856
-1.03494766045266
-1.0359258957729
-1.0368006363271
-1.03757178429173
-1.03823925219272
-1.03880296291528
-1.03926284971262
-1.03961885621367
-1.03987093642975
-1.04001905476021
-1.04006318599703
-1.04000331532837
-1.03983943834111
-1.03957156102231
-1.03919969975969
-1.03872388134096
-1.03814414295225
-1.03746053217541
-1.03667310698428
-1.03578193573993
-1.03478709718487
-1.03368868043625
-1.03248678497791
-1.03118152065152
-1.02977300764664
-1.02826137648969
-1.02664676803197
-1.02492933343661
-1.02310923416444
-1.02118664195893
-1.01916173883001
-1.01703471703688
-1.01480577906988
-1.01247513763117
-1.01004301561455
-1.00750964608417
-1.00487527225223
-1.00214014745568
-0.999304535131909
-0.996368708793389
-0.993332952001356
-0.990197558338443
-0.986962831380331
-0.983629084666384
-0.9801966416693
-0.976665835763749
-0.973037010194031
-0.969310518040736
-0.965486722186422
-0.961565995280304
-0.957548719701968
-0.953435287524103
-0.949226100474269
-0.944921569895681
-0.940522116707047
-0.936028171361423
-0.931440173804128
-0.926758573429697
-0.921983829037885
-0.917116408788731
-0.912156790156673
-0.907105459883736
-0.901962913931783
-0.896729657433842
-0.891406204644507
-0.88599307888943
-0.880490812513888
-0.874899946830457
-0.869221032065774
-0.863454627306409
-0.857601300443837
-0.851661628118534
-0.845636195663187
-0.839525597045028
-0.833330434807302
-0.827051320009873
-0.820688872168962
-0.814243719196051
-0.807716497335922
-0.801107851103874
-0.794418433222092
-0.787648904555201
-0.780799934044986
-0.773872198644317
-0.766866383250242
-0.759783180636304
-0.75262329138404
-0.745387423813713
-0.738076293914247
-0.7306906252724
-0.723231149001162
-0.715698603667396
-0.70809373521873
-0.700417296909697
-0.692670049227143
-0.684852759814898
-0.676966203397729
-0.66901116170458
-0.66098842339109
-0.65289878396143
-0.644743045689431
-0.636522017539036
-0.628236515084072
-0.619887360427354
-0.611475382119128
-0.603001415074859
-0.594466300492378
-0.585870885768389
-0.577216024414352
-0.568502575971737
-0.559731405926681
-0.550903385624028
-0.542019392180782
-0.533080308398974
-0.524087022677947
-0.515040428926081
-0.505941426471947
-0.49679091997492
-0.487589819335247
-0.478339039603575
-0.46903950088997
-0.459692128272405
-0.450297851704751
-0.44085760592427
-0.431372330358618
-0.421842969032373
-0.412270470473093
-0.40265578761691
-0.392999877713679
-0.383303702231687
-0.373568226761923
-0.363794420921936
-0.353983258259273
-0.344135716154517
-0.334252775723936
-0.324335421721739
-0.31438464244197
-0.304401429620029
-0.294386778333843
-0.284341686904696
-0.274267156797715
-0.264164192522043
-0.254033801530692
-0.243876994120089
-0.233694783329333
-0.223488184839164
-0.213258216870663
-0.203005900083677
-0.192732257475005
-0.182438314276324
-0.172125097851896
-0.16179363759604
-0.151444964830399
-0.141080112700999
-0.130700116075115
-0.120306011437961
-0.1098988367892
-0.0994796315392949
-0.0890494364057109
-0.078609293308973
-0.0681602452685945
-0.0577033362988851
-0.0472396113046488
-0.0367701159767827
-0.026295896687786
-0.0158180003871918
-0.0053374744969287
0.00514463319337309
0.0156272746311246
0.0261094016055567
0.0365899658525257
0.0470679191593342
0.0575422134695574
0.0680118009878647
0.0784756342848251
0.0889326664016866
0.0993818509551197
0.109822142241913
0.12025249534361
0.130671866231083
0.141079211869022
0.151473490320338
0.161853660850466
0.172218684031563
0.182567521846575
0.192899137793184
0.203212496987607
0.213506566268252
0.223780314299198
0.234032711673517
0.244262731016406
0.254469347088128
0.264651536886748
0.274808279750659
0.284938557460882
0.295041354343129
0.305115657369631
0.315160456260698
0.325174743586028
0.335157514865732
0.345107768671078
0.355024506724937
0.364906734001929
0.374753458828248
0.384563692981167
0.394336451788203
0.404070754225942
0.413765623018501
0.423420084735638
0.433033169890473
0.442603913036834
0.452131352866206
0.461614532304275
0.471052498607057
0.480444303456609
0.4897890030563
0.499085658225645
0.508333334494684
0.517531102197901
0.526678036567669
0.535773217827217
0.544815731283108
0.553804667417216
0.562739121978196
0.571618196072434
