1
1
0.9999
0.9997
0.99940001
0.99900005
0.998500149999
0.997900349993
0.997200699972
0.996401259916001
0.995502099790004
0.994503299538017
0.993404949076049
0.992207148284129
0.9909100069973
0.989513644995643
0.988018191993287
0.986423787626431
0.984730581440375
0.982938732875557
0.981048411252595
0.979059795756345
0.976973075418971
0.97478844910202
0.972506125477528
0.970126323008125
0.967649269926174
0.965075204211923
0.962404373570679
0.959637035409014
0.956773456809992
0.953813914507429
0.950758694859185
0.94760809381949
0.94436241691031
0.941021979191747
0.937587105231493
0.934058129073321
0.930435394204625
0.926719253523021
0.922910069301997
0.919008213155621
0.915014066002315
0.910928018027693
0.906750468646471
0.902481826463446
0.898122509233557
0.893672943821021
0.889133566157562
0.884504821199721
0.879787162885263
0.874981054088686
0.870086966575821
0.865105380957546
0.860036786642614
0.854881681789587
0.849640573257895
0.844313976558024
0.838902415800827
0.833406423645974
0.827826541249542
0.822163318210745
0.816417312517822
0.810589090493079
0.804679226737084
0.79868830407204
0.792616913484322
0.786465654066196
0.780235132956723
0.773925965281842
0.767538774093666
0.761074190308962
0.754532852646849
0.747915407565704
0.741222509199295
0.734454819292129
0.727613007134044
0.720697749494029
0.713709730553301
0.706649641837623
0.69951818214889
0.692316057495973
0.685043981024842
0.67770267294796
0.670292860472977
0.662815277730698
0.655270665702372
0.647659772146273
0.639983351523604
0.632242164923721
0.624436979988684
0.616568570837156
0.608637717987629
0.600645208281018
0.592591834802608
0.58447839680337
0.576305699620652
0.568074554598253
0.559785779005893
0.551440195958072
0.543038634332351
0.534581928687034
0.526070919178284
0.517506451476666
0.508889376683129
0.500220551244445
0.491500836868092
0.482731100436615
0.473912213921451
0.465045054296244
0.456130503449644
0.447169448097615
0.438162779695241
0.429111394348057
0.420016192722903
0.410878079958315
0.401697965574455
0.392476763382598
0.383215391394184
0.373914771729432
0.364575830525541
0.355199497844476
0.345786707580359
0.336338397366458
0.326855508481798
0.317338985757402
0.307789777482158
0.298208835308337
0.288597114156769
0.27895557212167
0.269285170375155
0.259586873071428
0.249861647250664
0.240110462742592
0.230334292069795
0.220534110350725
0.210710895202447
0.200865626643134
0.1909992869943
0.181112860782803
0.171207334642606
0.16128369721633
0.151342939056591
0.14138605252713
0.131414031703763
0.121427872275143
0.111428571443353
0.101417127824336
0.0913945413481742
0.08136181315923
0.071319945516151
0.061269941691756
0.0512128058728094
0.0411495430596937
0.0310811589659907
0.0210086599179817
0.0109330527540761
0.000855344724178713
-0.00922345661099408
-0.0193023434806393
-0.0293803080046234
-0.0394563422942595
-0.0495294385530951
-0.0595985891777012
-0.0696627868584521
-0.0797210246802851
-0.0897722962234324
-0.0998155956641116
-0.109849917875168
-0.119874258526659
-0.129887614186362
-0.139888982420212
-0.149877361892644
-0.159851752466833
-0.169811155304834
-0.179754572967587
-0.189681009514811
-0.199589470604737
-0.209478963593712
-0.219348497635626
-0.229197083781182
-0.239023735076973
-0.248827466664387
-0.258607295878292
-0.268362242345532
-0.278091328083183
-0.2877935775966
-0.297468017977209
-0.307113679000057
-0.316729593221109
-0.32631479607426
-0.335868325968089
-0.345389224382311
-0.354876535963935
-0.364329308623122
-0.373746593628712
-0.38312744570344
-0.392470923118805
-0.4017760877896
-0.411042005368083
-0.420267745337787
-0.429452381106954
-0.438594990101587
-0.447694653858109
-0.456750458115622
-0.465761492907748
-0.474726852654064
-0.483645636251088
-0.492516947162847
-0.50133989351098
-0.510113588164398
-0.518837148828464
-0.527509698133714
-0.536130363724081
-0.544698278344635
-0.553212579928816
-0.561672411685163
-0.570076922183517
-0.578425265440703
-0.58671660100567
-0.594950094044093
-0.603124915422415
-0.611240241791333
-0.619295255668709
-0.627289145521906
-0.635221105849536
-0.643090337262613
-0.650896046565106
-0.658637446833872
-0.666313757497982
-0.673924204417409
-0.681468019961085
-0.68894444308432
-0.696352719405559
-0.703692101282489
-0.710961847887479
-0.718161225282341
-0.725289506492414
-0.732345971579959
-0.739329907716854
-0.746240609256591
-0.753077377805557
-0.759839522293597
-0.766526359043857
-0.773137211841887
-0.779671412004013
-0.786128298444954
-0.792507217744695
-0.798807524214592
-0.805028579962714
-0.811169754958415
-0.817230427096119
-0.823209982258328
-0.829107814377827
-0.8349233254991
-0.840655925838935
-0.846305033846221
-0.851870076260922
-0.857350488172239
-0.86274571307593
-0.868055202930804
-0.87327841821437
-0.878414827977643
-0.883463909899095
-0.888425150337748
-0.893298044385412
-0.898082095918042
-0.902776817646234
-0.907381731164834
-0.911896367001669
-0.916320264665387
-0.920652972692406
-0.924894048692958
-0.92904305939624
-0.933099580694654
-0.937063197687128
-0.940933504721532
-0.944710105436167
-0.948392612800331
-0.951980649153951
-0.95547384624629
-0.958871845273715
-0.962174296916515
-0.965380861374787
-0.968491208403368
-0.971505017345811
-0.974421977167414
-0.977241786487282
-0.979964153609434
-0.982588796552937
-0.985115443081079
-0.987543830729565
-0.989873706833744
-0.992104828554849
-0.994236962905272
-0.996269886772838
-0.998203386944115
-1.00003726012671
-1.00177131297062
-1.00340536208851
-1.0049392340751
-1.00637276552549
-1.00770580305247
-1.00893820330289
-1.01006983297302
-1.01110056882281
-1.0120302976893
-1.01285891649891
-1.01358633227875
-1.01421246216694
-1.01473723342191
-1.01516058343065
-1.01548245971606
-1.01570281994312
-1.01582163192421
-1.01583887362331
-1.01575453315921
-1.01556860880775
-1.01528110900298
-1.01489205233732
-1.01440146756077
-1.01380939357898
-1.01311587945043
-1.01232098438253
-1.01142477772668
-1.0104273389724
-1.00932875774034
-1.00812913377438
-1.00682857693265
-1.00542720717754
-1.00392515456474
-1.00232255923122
-1.00061957138225
-0.998816351277348
-0.996913069215311
-0.994909905518146
-0.99280705051406
-0.990604704519423
-0.988303077819733
-0.985902390649592
-0.983402873171669
-0.980804765454681
-0.978108317450375
-0.975313788969524
-0.972421449656929
-0.969431578965436
-0.966344466128977
-0.963160410134622
-0.959879719693654
-0.956502713211673
-0.953029718757722
-0.94946107403245
-0.945797126335303
-0.942038232530752
-0.938184759013567
-0.93423708167313
-0.930195585856791
-0.926060666332285
-0.921832727249193
-0.917512182099467
-0.913099453677018
-0.908594974036357
-0.90399918445033
-0.899312535366898
-0.894535486365022
-0.889668506109609
-0.88471207230556
-0.879666671650899
-0.874532799789008
-0.869310961259952
-0.864001669450917
-0.858605446545756
-0.85312282347365
-0.847554339856889
-0.841900543957781
-0.836161992624687
-0.830339251237198
-0.824432893650445
-0.81844350213857
-0.812371667337329
-0.806217988185874
-0.799983071867686
-0.793667533750679
-0.787271997326485
-0.780797094148917
-0.774243463771615
-0.767611753684899
-0.760902619251805
-0.754116723643343
-0.747254737772956
-0.740317340230205
-0.733305217213676
-0.726219062463124
-0.719059577190851
-0.711827470012331
-0.704523456876093
-0.697148260992853
-0.689702612763926
-0.682187249708899
-0.674602916392596
-0.666950364351322
-0.659230352018408
-0.65144364464906
-0.64359101424451
-0.635673239475495
-0.627691105605055
-0.619645404410668
-0.61153693410572
-0.603366499260332
-0.595134910721532
-0.586842985532807
-0.57849154685301
-0.570081423874659
-0.561613451741623
-0.553088471466199
-0.544507329845602
-0.535870879377857
-0.527179978177129
-0.518435489888462
-0.509638283601978
-0.500789233766504
-0.491889220102671
-0.482939127515461
-0.473939846006241
-0.464892270584269
-0.455797301177696
-0.446655842544065
-0.437468804180317
-0.428237100232314
-0.418961649403893
-0.409643374865448
-0.400283204162063
-0.390882069121192
-0.381440905759905
-0.371960654191705
-0.362442258532929
-0.352886666808735
-0.343294830858687
-0.333667706241958
-0.324006252142143
-0.314311431271704
-0.304584209776051
-0.29482555713727
-0.285036446077512
-0.275217852462041
-0.265370755201961
-0.255496136156636
-0.24559498003579
-0.235668274301328
-0.225717009068863
-0.215742177008968
-0.205744773248166
-0.195725795269663
-0.185686242813835
-0.17562711777848
-0.165549424118844
-0.15545416774743
-0.145342356433604
-0.135214999703003
-0.125073108736759
-0.114917696270545
-0.104749776493457
-0.0945703649467418
-0.0843804784223774
-0.0741811348615184
-0.0639733532528171
-0.0537581535306296
-0.0435365564731169
-0.033309583600251
-0.0230782570717379
-0.0128435995848648
-0.00260663427228448
0.00763161540025433
0.0178701257362204
0.0281078729106464
0.0383438330724988
0.0485769824470601
0.0588062974383141
0.0690307547313235
0.079249331394589
0.0894610049823814
0.0996647536370344
0.109859556191189
0.12004439226998
0.130218242393152
0.140380088077097
0.150528911936802
0.1606636977877
0.170783430747404
0.18088709733733
0.19097368558418
0.201042185121297
0.211091587289856
0.221120885239902
0.23112907403122
0.241115150734013
0.251078114529403
0.26101696680972
0.270930711278584
0.280818354050767
0.290678903751822
0.300511371617472
0.310314771592747
0.32008812043086
0.329830437791814
0.339540746340725
0.349218071845856
0.358861443276354
0.368469892899667
0.378042456378652
0.387578172868347
0.397076085112405
0.406535239539175
0.415954686357435
0.42533347965174
0.43467067747741
0.443965341955115
0.453216539365071
0.462423340240833
0.471584819462657
0.480700056350458
0.489768134756312
0.498788143156532
0.507759174743276
0.516680327515704
0.525550704370657
0.53436941319286
0.543135566944625
0.551848283755071
0.560506687008822
0.569109905434198
0.577657073190873
0.586147329957004
0.594579821015817
0.602953697341634
0.611268115685349
0.61952223865933
0.627715234821742
0.635846278760289
0.643914551175353
0.651919238962542
0.659859535294612
0.667734639702787
0.675543758157432
0.683286103148107
0.690960893762966
0.698567355767511
0.706104721682678
0.71357223086227
0.720969129569693
0.728294671054029
0.735548115625409
0.742728730729684
0.749835791022395
0.756868578442034
0.763826382282571
0.770708499265263
0.777514233609727
0.784242897104265
0.790893809175442
0.797466296956908
0.803959695357457
0.81037334712831
0.816706602929627
0.822958821396231
0.829129369202543
0.835217621126714
0.841222960113966
0.847144777339105
0.852982472268233
0.858735452719626
0.864403134923793
0.869984943582688
0.87548031192809
0.880888681779134
0.886209503598986
0.891442236550659
0.896586348551973
0.901641316329631
0.906606625472435
0.911481770483605
0.916266254832228
0.920959591003803
0.925561300549894
0.930070914136885
0.934487971593821
0.938812021959344
0.943042623527707
0.947179343893874
0.951221759997688
0.955169458167113
0.959022034160539
0.962779093208147
0.966440250052339
0.970005128987211
0.973473363897077
0.976844598294045
0.980118485354623
0.983294687955372
0.986372878707585
0.989352739991002
0.992233963986549
0.995016252708097
0.997699318033246
1.00028288173312
1.0027666755012
1.0051504409811
1.00743392979345
1.00961690356171
1.01169913393698
1.0136804026219
1.01556050139342
1.01733923212468
1.01901640680581
1.02059184756372
1.02206538668095
1.02343686661342
1.02470614000722
1.02587306971437
1.02693752880751
1.02789940059368
1.02875857862697
1.0295149667202
1.03016847895557
1.03071903969427
1.03116658358507
1.0315110555719
1.03175241090038
1.03189061512329
1.03192564410512
1.03185748402543
1.03168613138134
1.03141159298884
1.0310338859832
1.03055303781826
1.02996908626473
1.02928207940741
1.02849207564147
1.02759914366758
1.02660336248614
1.02550482139032
1.02430361995826
1.02299986804406
1.02159368576786
1.02008520350486
1.01847456187328
1.01676191172135
1.01494741411323
1.01303124031394
1.01101357177324
1.00889460010851
1.0066745270866
1.00435356460468
1.00193193467005
0.999409869378961
0.996787610894404
0.99406541142291
0.991243533190327
0.988322248416601
0.985301839289556
0.982182597937669
0.978964826401854
0.975648836606244
0.972234950327995
0.968723499166085
0.965114824509142
0.961409277502282
0.957607219012972
0.953709019595911
0.949715059456949
0.945625728416028
0.94144142586916
0.937162560749451
0.932789551487156
0.928322825968785
0.923762821495266
0.919109984739149
0.914364771700883
0.909527647664144
0.904599087150234
0.899579573871558
0.894469600684166
0.889269669539388
0.883980291434541
0.87860198636274
0.873135283261796
0.867580719962216
0.861938843134309
0.856210208234406
0.85039537945019
0.84449492964515
0.838509440302165
0.832439501466216
0.826285711686236
0.82004867795611
0.813729015654815
0.807327348485725
0.800844308415069
0.794280535609564
0.787636678373218
0.780913393083311
0.774111344125567
0.767231203828515
0.760273652397049
0.753239377845201
0.746129075928114
0.738943450073242
0.731683211310777
0.724349078203304
0.716941776774701
0.709462040438277
0.701910609924176
0.694288233206031
0.686595665426893
0.678833668824435
0.671003012655434
0.663104473119551
0.655138833282403
0.647106882997942
0.639009418830153
0.630847243974064
0.622621168176093
0.614332007653723
0.605980585014537
0.597567729174585
0.589094275276131
0.58056106460476
0.571968944505861
0.563318768300502
0.554611395200692
0.545847690224053
0.537028524107893
0.528154773222711
0.519227319485117
0.510247050270202
0.501214858323338
0.492131641671448
0.482998303533724
0.473815752231834
0.46458490109959
0.455306668392123
0.445981977194547
0.436611755330131
0.427196935267995
0.417738454030327
0.408237253099131
0.398694278322533
0.389110479820625
0.379486811890884
0.369824232913162
0.36012370525425
0.350386195172047
0.340612672719319
0.330804111647073
0.320961489307555
0.311085786556873
0.30117798765726
0.291239080178991
0.281270054901957
0.271271905716905
0.261245629526362
0.251192226145248
0.241112698201181
0.2310080510345
0.220879292597998
0.210727433356393
0.200553486185529
0.190358466271328
0.180143391008509
0.169909279899063
0.159657154450516
0.14938803807398
0.139102955981998
0.128802935086209
0.118489003894821
0.108162192409925
0.0978235320246394
0.0874740554201129
0.0771147964623839
0.0667467900991128
0.0563710722561956
0.0459886797342684
0.0356006501051156
0.0252080216079894
0.0148118330458527
0.00441312368155512
-0.005987066866047
-0.0163876987260173
-0.0267877318793009
-0.037186126262712
-0.0475818418729351
-0.057973838870532
-0.0683610776839416
-0.0787425191134641
-0.0891171244352182
-0.099483855505061
-0.10984167486246
-0.120189545834309
-0.130526432638672
-0.140851300488451
-0.151163115694966
-0.161460845771432
-0.171743459536329
-0.182009927216649
-0.192259220551015
-0.202490312892659
-0.212702179312249
-0.222893796700549
-0.233064143870917
-0.243212201661616
-0.253336953037928
-0.263437383194073
-0.273512479654915
-0.283561232377437
-0.293582633851994
-0.303575679203313
-0.313539366291247
-0.323472695811261
-0.333374671394645
-0.343244299708449
-0.353080590555112
-0.362882556971805
-0.372649215329443
-0.382379585431383
-0.392072690611791
-0.401727557833655
-0.411343217786458
-0.420918704983477
-0.430453057858718
-0.439945318863461
-0.449394534562418
-0.458799755729488
-0.468160037443103
-0.477474439181144
-0.486742024915441
-0.49596186320582
-0.505133027293707
-0.514254595195274
-0.523325649794111
-0.532345278933429
-0.541312575507767
-0.550226637554213
-0.559086568343107
-0.567891476468246
-0.57664047593655
-0.585332686257208
-0.593967232530272
-0.60254324553471
-0.611059861815896
-0.619516223772528
-0.627911479742978
-0.636244784091051
-0.64451529729115
-0.652722186012839
-0.6608646232048
-0.668941788178159
-0.676952866689198
-0.684897051021419
-0.692773540066971
-0.700581539407421
-0.708320261393864
-0.715988925226366
-0.723586757032729
-0.73111298994657
-0.738566864184707
-0.745947627123849
-0.753254533376573
-0.760486844866585
-0.767643830903259
-0.774724768255446
-0.781728941224543
-0.788655641716814
-0.795504169314963
-0.802273831348941
-0.808963942965987
-0.815573827199897
-0.822102815039512
-0.828550245496406
-0.834915465671796
-0.841197830822637
-0.847396704426911
-0.853511458248102
-0.85954147239885
-0.865486135403774
-0.871344844261458
-0.877117004505602
-0.882802030265319
-0.888399344324586
-0.893908378180826
-0.899328572102634
-0.904659375186624
-0.909900245413403
-0.915050649702664
-0.920110063967383
-0.925077973167133
-0.929953871360485
-0.934737261756521
-0.93942765676542
-0.944024578048144
-0.948527556565192
-0.952936132624435
-0.957249855928021
-0.961468285618345
-0.965590990323075
-0.969617548199245
-0.973547546976381
-0.977380583998698
-0.981116266266318
-0.984754210475537
-0.98829404305813
-0.991735400219675
-0.995077927976914
-0.998321282194132
-1.00146512861855
-1.00450914291475
-1.00745301069809
-1.01029642756714
-1.01303909913511
-1.01568074106033
-1.01822107907564
-1.02065984901684
-1.02299679685014
-1.02523167869853
-1.02736426086723
-1.02939431986807
-1.03132164244282
-1.03314602558558
-1.0348672765641
-1.03648521294006
-1.03799966258837
-1.03941046371538
-1.04071746487613
-1.04192052499051
-1.0430195133584
-1.04401430967379
-1.04490480403785
-1.04569089697094
-1.04637249942363
-1.04694953278661
-1.04742192889966
-1.04778963005943
-1.04805258902631
-1.04821076903018
-1.04826414377515
-1.04821269744321
-1.0480564246969
-1.04779533068085
-1.04742943102232
-1.04695875183073
-1.04638332969603
-1.04570321168615
-1.04491845534331
-1.04402912867929
-1.04303531016974
-1.04193708874732
-1.04073456379388
-1.03942784513157
-1.03801705301288
-1.03650231810968
-1.03488378150117
-1.03316159466086
-1.03133591944239
-1.02940692806446
-1.02737480309458
-1.0252397374319
-1.02300193428891
-1.02066160717217
-1.01821897986201
-1.01567428639113
-1.01302777102226
-1.01027968822476
-1.00743030265015
-1.00447988910672
-1.00142873253302
-0.998277127970412
-0.995025380534551
-0.991673805385894
-0.988222727699183
-0.984672482631934
-0.981023415291915
-0.977275880703632
-0.97343024377382
-0.969486879255938
-0.965446171713679
-0.961308515483494
-0.957074314636138
-0.952743982937233
-0.948317943806865
-0.943796630278203
-0.93918048495516
-0.934469959969089
-0.929665516934523
-0.92476762690396
-0.919776770321704
-0.914693436976757
-0.909518125954778
-0.904251345589101
-0.898893613410829
-0.893445456097998
-0.887907409423826
-0.882280018204044
