1
0.9999
0.99970001
0.999400049999
0.999000149993
0.998500349972001
0.997900699916004
0.997201259790017
0.996402099538049
0.995503299076129
0.9945049482843
0.993407146997643
0.992210004996287
0.990913641994431
0.989518187628375
0.988023781443557
0.986430572880594
0.984738721260343
0.982948395767966
0.981059775436012
0.979073049126515
0.976988415512105
0.974806083056143
0.972526269991877
0.97014920430061
0.967675123688914
0.965104275564849
0.962436917013228
0.959673314769905
0.956813745195105
0.953858494245786
0.950807857447042
0.947662139862554
0.944421656064079
0.941086730099998
0.937657695462906
0.934134895056269
0.930518681160126
0.926809415395866
0.923007468690068
0.9191132212374
0.915127062462609
0.911049390981571
0.906880614561435
0.902621150079843
0.898271423483243
0.893831869744294
0.889302932818372
0.884685065599167
0.879978729873403
0.875184396274651
0.870302544236271
0.865333661943468
0.860278246284471
0.855136802800845
0.849909845636939
0.84459789748847
0.839201489550251
0.833721161463078
0.828157461259758
0.822510945310313
0.816782178266336
0.810971733004532
0.805080190569429
0.799108140115268
0.793056178847096
0.786924911961039
0.780714952583785
0.774426921711274
0.768061448146591
0.761619168437094
0.755100726810753
0.748506775111731
0.741837972735198
0.735094986561391
0.728278490888928
0.721389167367376
0.714427704929088
0.707394799720306
0.700291155031553
0.693117481227296
0.685874495674917
0.67856292267297
0.671183493378756
0.663736945735204
0.656224024397078
0.648645480656513
0.641002072367882
0.633294563872015
0.62552372591976
0.617690335594913
0.609795176236507
0.601839037360477
0.593822714580711
0.585747009529487
0.577612729777309
0.569420688752155
0.561171705658125
0.552866605393529
0.544506218468394
0.536091380921412
0.527622934236337
0.51910172525784
0.510528606106816
0.501904434095182
0.493230071640138
0.48450638617793
0.475734250077105
0.466914540551271
0.458048139571383
0.449135933777537
0.440178814390314
0.431177677121652
0.422133422085277
0.413046953706694
0.40391918063274
0.394751015640723
0.385543375547142
0.376297181116006
0.367013356966759
0.357692831481815
0.348336536713723
0.338945408291959
0.329520385329366
0.320062410328241
0.310572429086082
0.301051390601015
0.291500246976888
0.281919953328063
0.272311467683905
0.262675750892979
0.253013766526963
0.243326480784295
0.233614862393549
0.223879882516563
0.214122514651325
0.204343734534622
0.194544520044466
0.184725851102306
0.174888709575035
0.165034079176806
0.15516294537066
0.145276295269977
0.135375117539767
0.125460402297803
0.115533141015609
0.105594326419314
0.0956449523903763
0.0856860138661999
0.0757185067406369
0.0657434277643998
0.0557617744453863
0.0457745449489282
0.0357827379979752
0.0257873527732225
0.0157893888131924
0.00578984591428098
-0.00421027596922184
-0.0142099768251278
-0.0242082566833511
-0.0342041157159062
-0.0441965543368897
-0.0541845733024394
-0.064167173810659
-0.0741433576014974
-0.0841121270565758
-0.0940724852989484
-0.104023436292791
-0.113963984943005
-0.123893137194724
-0.133809900132724
-0.14371328208071
-0.153602292700488
-0.163475943090997
-0.173333245887196
-0.183173215358806
-0.192994867508881
-0.202797220172205
-0.212579293113511
-0.222340108125507
-0.232078689126689
-0.241794062258959
-0.251485255985003
-0.261151301185449
-0.270791231255776
-0.280404082202977
-0.289988892741958
-0.299544704391665
-0.309070561570933
-0.318565511694044
-0.328028605265985
-0.3374588959774
-0.346855440799216
-0.356217300076953
-0.365543537624683
-0.37483322081865
-0.384085420690535
-0.393299212020351
-0.402473673428964
-0.411607887470235
-0.420700940722759
-0.429751923881211
-0.438759931847275
-0.447724063820154
-0.45664342338665
-0.465517118610809
-0.474344262123106
-0.48312397120919
-0.491855367898154
-0.500537579050328
-0.509169736444597
-0.517750976865222
-0.52628044218816
-0.534757279466879
-0.543180641017652
-0.551549684504323
-0.559863573022543
-0.568121475183461
-0.576322565196861
-0.584466022953741
-0.592551034108326
-0.600576790159499
-0.608542488531657
-0.616447332654962
-0.624290532045001
-0.632071302381836
-0.639788865588432
-0.64744244990847
-0.655031289983517
-0.662554626929565
-0.670011708412921
-0.677401788725435
-0.684724128859077
-0.691977996579833
-0.699162666500931
-0.706277420155378
-0.713321546067811
-0.720294339825636
-0.727195104149479
-0.734023148962907
-0.740777791461438
-0.747458356180824
-0.754064175064591
-0.760594587530852
-0.76704894053836
-0.773426588651814
-0.779726894106403
-0.785949226871581
-0.792092964714072
-0.798157493260091
-0.804142206056785
-0.810046504632873
-0.815869798558498
-0.821611505504266
-0.827271051299485
-0.832847869989573
-0.838341403892663
-0.843751103655363
-0.849076428307698
-0.854316845317201
-0.859471830642174
-0.864540868784082
-0.869523452839111
-0.874419084548857
-0.879227274350147
-0.883947541424003
-0.888579413743717
-0.893122428122056
-0.897576130257582
-0.901940074780083
-0.906213825295106
-0.9103969544276
-0.91448904386465
-0.918489684397315
-0.922398475961539
-0.926215027678168
-0.929938957892028
-0.9335698942101
-0.93710747353875
-0.940551342120046
-0.943901155567131
-0.947156578898658
-0.950317286572296
-0.953382962517277
-0.956353300166006
-0.959228002484718
-0.962006782003182
-0.964689360843445
-0.967275470747625
-0.969764853104729
-0.972157258976523
-0.974452449122419
-0.976650194023403
-0.978750273904985
-0.980752478759176
-0.982656608365492
-0.98446247231097
-0.986169890009218
-0.987778690718465
-0.98928871355864
-0.990699807527459
-0.992011831515525
-0.99322465432044
-0.994338154659922
-0.995352221183939
-0.996266752485837
-0.997081657112487
-0.997796853573426
-0.998412270349007
-0.998927845897553
-0.999343528661509
-0.999659277072599
-0.999875059555983
-0.99999085453341
-1.00000665042538
-0.999922445652316
-0.999738248634682
-0.999454077792185
-0.999069961541908
-0.998585938295478
-0.998002056455218
-0.997318374409312
-0.996534960525966
-0.995651893146566
-0.994669260577853
-0.993587161083081
-0.992405702872201
-0.991125004091034
-0.989745192809458
-0.988266407008601
-0.986688794567043
-0.985012513246028
-0.983237730673689
-0.981364624328282
-0.979393381520442
-0.977324199374451
-0.975157284808522
-0.972892854514112
-0.970531134934251
-0.968072362240896
-0.965516782311317
-0.962864650703507
-0.960116232630627
-0.957271802934484
-0.954331646058047
-0.951296056017004
-0.94816533637036
-0.944939800190079
-0.941619770029778
-0.938205577892475
-0.934697565197382
-0.93109608274577
-0.927401490685883
-0.923614158476928
-0.919734464852125
-0.915762797780836
-0.91169955442977
-0.90754514112326
-0.903299973302639
-0.898964475484687
-0.894539081219186
-0.890024233045564
-0.885420382448637
-0.880727989813465
-0.875947524379312
-0.871079464192721
-0.86612429605971
-0.861082515497094
-0.855954626682928
-0.850741142406093
-0.845442584015018
-0.840059481365542
-0.834592372767929
-0.829041804933039
-0.823408332917656
-0.817692520068981
-0.811894937968299
-0.806016166373821
-0.800056793162705
-0.794017414272273
-0.787898633640413
-0.78170106314519
-0.775425322543652
-0.769072039409859
-0.762641849072126
-0.756135394549485
-0.74955332648739
-0.742896303092645
-0.736164990067592
-0.729360060543531
-0.722482195013417
-0.715532081263801
-0.708510414306058
-0.701417896306885
-0.694255236518082
-0.687023151205626
-0.67972236357805
-0.672353603714116
-0.664917608489811
-0.657415121504656
-0.649846893007352
-0.642213679820746
-0.634516245266159
-0.626755359087044
-0.618931797372022
-0.611046342477262
-0.603099782948254
-0.595092913440951
-0.587026534642304
-0.578901453190193
-0.570718481592763
-0.562478438147174
-0.55418214685777
-0.54583043735368
-0.537424144805855
-0.52896410984355
-0.520451178470259
-0.511886201979122
-0.503270036867787
-0.494603544752766
-0.485887592283269
-0.477123051054543
-0.468310797520712
-0.459451712907129
-0.450546683122256
-0.44159659866907
-0.432602354556017
-0.423564850207509
-0.41448498937398
-0.405363680041513
-0.396201834341043
-0.387000368457138
-0.377760202536388
-0.368482260595384
-0.35916747042832
-0.349816763514213
-0.340431074923756
-0.331011343225805
-0.321558510393532
-0.31207352171022
-0.302557325674737
-0.293010873906686
-0.283435121051245
-0.273831024683698
-0.264199545213684
-0.254541645789147
-0.244858292200032
-0.235150452781697
-0.225419098318084
-0.215665201944639
-0.205889739050999
-0.196093687183454
-0.186278025947191
-0.176443736908334
-0.166591803495785
-0.156723210902887
-0.146838945988898
-0.136939997180311
-0.127027354372006
-0.117102008828263
-0.107164953083638
-0.097217180843704
-0.0872596868856859
-0.0772934669589792
-0.0673195176855766
-0.0573388364604055
-0.0473524213515883
-0.0373612710006359
-0.0273663845225835
-0.0173687614060788
-0.00736940141343352
0.00263069551935311
0.0126305293825878
0.0226291001928842
0.0326254080931614
0.0426184534526292
0.0526072369667518
0.0625907597571777
0.0725680234716279
0.0825380303837309
0.0924997834927955
0.102452286623511
0.112394544525564
0.122325562973164
0.132244348864467
0.142149910320884
0.152041256786269
0.161917399125975
0.171777349725768
0.181620122590589
0.191444733443151
0.201250199822368
0.211035541181603
0.22079977898672
0.230541936813939
0.240261040447476
0.249956117976968
0.259626199894662
0.269270319192367
0.278887511458153
0.288476814972793
0.298037270805936
0.307567922911998
0.317067818225769
0.326536006757717
0.33597154168899
0.345373479466094
0.354740879895251
0.364072806236418
0.373368325296962
0.382626507524976
0.391846427102238
0.40102716203679
0.410167794255137
0.41926740969406
0.428325098392012
0.437339954580126
0.446311076772782
0.45523756785776
0.464118535185953
0.472953090660627
0.481740350826235
0.49047943695676
0.49916947514359
0.507809596382905
0.516398936662582
0.524936637048593
0.533421843770899
0.541853708308828
0.550231387475925
0.558554043504276
0.566820844128276
0.575030962667863
0.583183578111183
0.591277875196692
0.599313044494682
0.607288282488222
0.615202791653513
0.623055780539639
0.630846463847711
0.638574062509398
0.646237803764834
0.653836921239894
0.66137065502283
0.668838251740263
0.676238964632523
0.683572053628319
0.690836785418752
0.698032433530643
0.705158278399182
0.71221360743988
0.719197715119835
0.726109903028277
0.732949479946417
0.739715761916562
0.746408072310515
0.753025741897238
0.75956810890977
0.766034519111412
0.772424325861142
0.778736890178287
0.784971580806413
0.791127774276459
0.797204854969077
0.803202215176199
0.809119255161802
0.81495538322189
0.820710015743655
0.826382577263846
0.831972500526311
0.837479226538723
0.842902204628481
0.848240892497776
0.853494756277822
0.858663270582239
0.863745918559599
0.868742191945102
0.873651591111411
0.878473625118609
0.883207811763295
0.887853677626805
0.892410758122552
0.896878597542487
0.901256749102667
0.905544774987937
0.909742246395709
0.91384874357884
0.917863855887614
0.9217871818108
0.925618329015804
0.929356914387906
0.93300256406857
0.936554913492827
0.940013607425734
0.9433782999979
0.946648654740065
0.949824344616756
0.952905052058985
0.955890468996009
0.958780296886133
0.961574246746569
0.96427203918233
0.966873404414172
0.969378082305573
0.971785822388744
0.974096383889676
0.976309535752218
0.978425056661186
0.980442735064487
0.982362369194282
0.984183767087158
0.985906746603324
0.987531135444831
0.989056771172793
0.990483501223638
0.99181118292436
0.99303968350679
0.994168880120869
0.995198659846936
0.996128919707019
0.996959566675131
0.997690517686575
0.998321699646251
0.998853049435962
0.999284513920729
0.999616049954104
0.999847624382484
0.999979214048426
1.00001080579296
0.99994239645692
0.999773992881232
0.999505611906256
0.999137280370089
0.998669035105885
0.99810092293817
0.997433000678162
0.996665335118086
0.995798003024498
0.994831091130607
0.993764696127604
0.992598924654988
0.991333893289906
0.989969728535495
0.988506566808231
0.986944554424286
0.985283847584898
0.983524612360752
0.98166702467537
0.97971127028752
0.977657544772642
0.975506053503286
0.97325701162858
0.970910644052712
0.968467185412437
0.965926880053622
0.963289982006801
0.96055675496178
0.957727472241262
0.954802416773521
0.951781881064101
0.948666167166576
0.945455586652334
0.942150460579426
0.938751119460461
0.93525790322955
0.931671161208316
0.92799125207096
0.924218543808398
0.920353413691455
0.916396248233143
0.912347443150007
0.908207403322557
0.903976542754774
0.899655284532716
0.895244060782204
0.890743312625614
0.886153490137762
0.881475052300896
0.8767084669588
0.871854210770008
0.866912769160138
0.861884636273353
0.856770314922941
0.851570316541036
0.846285161127477
0.840915377197806
0.835461501730415
0.82992408011285
0.824303666087274
0.81860082169509
0.812816117220736
0.80695013113466
0.801003450035471
0.794976668591278
0.788870389480226
0.782685223330225
0.776421788657892
0.770080711806693
0.763662626884314
0.757168175699246
0.750598007696608
0.7439527798932
0.737233156811803
0.730439810414725
0.723573420036605
0.716634672316482
0.709624261129127
0.702542887515659
0.69539125961344
0.688170092585259
0.68088010854782
0.673522036499526
0.666096612247582
0.658604578334413
0.651046683963411
0.643423684924012
0.635736343516121
0.627985428473879
0.620171714888789
0.61229598413221
0.604359023777218
0.596361627519848
0.588304595099726
0.580188732220094
0.572014850467241
0.56378376722934
0.555496305614717
0.547153294369532
0.53875556779491
0.530303965663509
0.521799333135541
0.51324252067426
0.504634383960912
0.495975783809167
0.487267586079041
0.478510661590308
0.469705886035415
0.460854139891919
0.451956308334434
0.443013281146115
0.434025952629681
0.424995221517985
0.415921990884137
0.4068071680512
0.397651664501459
0.388456395785267
0.379222281429496
0.369950244845583
0.360641213237185
0.351296117507464
0.341915892165991
0.332501475235302
0.32305380815709
0.313573835698062
0.304062505855464
0.29452076976228
0.28494958159212
0.275349898463801
0.265722680345636
0.256068889959436
0.24638949268424
0.236685456459776
0.226957751689666
0.217207351144387
0.207435229863993
0.197642365060613
0.187829736020727
0.177998324007239
0.16814911216135
0.158283085404245
0.148401230338599
0.13850453514992
0.128593989507725
0.11867058446658
0.108735312366989
0.0987891667361601
0.088833142188658
0.0788682343269371
0.0688954396417835
0.0589157554126657
0.0489301796080066
0.0389397107853867
0.0289453479916883
0.0189480906631907
0.00894893852562678
-0.00105110850578969
-0.0110510504263556
-0.0210498872418788
-0.0310466190686779
-0.0410402462335701
-0.0510297693738389
-0.0610141895371704
-0.0709925082815482
-0.0809637277750977
-0.0909268508958698
-0.100880881331552
-0.110824823679102
-0.120757683544283
-0.13067846764111
-0.140586183891173
-0.150479841522847
-0.160358451170368
-0.170221024972773
-0.18006657667268
-0.18989412171492
-0.199702677344988
-0.209491262707322
-0.219258898943385
-0.229004609289554
-0.238727419174794
-0.248426356318116
-0.258100450825807
-0.267748735288415
-0.277370244877494
-0.286964017442086
-0.296529093604933
-0.30606451685842
-0.31556933366022
-0.325042593528655
-0.334483349137737
-0.343890656411906
-0.353263574620433
-0.362601166471498
-0.371902498205915
-0.381166639690513
-0.390392664511141
-0.399579650065318
-0.408726677654488
-0.417832832575894
-0.426897204214041
-0.435918886131767
-0.44489697616088
-0.453830576492377
-0.462718793766225
-0.471560739160696
-0.48035552848125
-0.489102282248957
-0.497800125788439
-0.506448189315342
-0.515045608023314
-0.523591522170483
-0.532085077165435
-0.540525423652671
-0.548911717597541
-0.557243120370652
-0.565518798831725
-0.573737925412915
-0.581899678201564
-0.590003241022393
-0.59804780351912
-0.606032561235495
-0.613956715695746
-0.621819474484428
-0.629620051325661
-0.637357666161761
-0.645031545231246
-0.652640921146207
-0.660185032969054
-0.667663126288603
-0.675074453295524
-0.682418272857116
-0.689693850591421
-0.696900458940668
-0.70403737724402
-0.711103891809648
-0.718099295986095
-0.725022890232944
-0.731873982190769
-0.738651886750375
-0.745355926121306
-0.751985429899625
-0.758539735134954
-0.765018186396769
-0.771420135839945
-0.777744943269537
-0.783991976204801
-0.790160609942446
-0.796250227619096
-0.802260220272984
-0.808189986904845
-0.814038934538015
-0.819806478277732
-0.825492041369621
-0.831095055257373
-0.836614959639599
-0.842051202525861
-0.847403240291871
-0.852670537733851
-0.857852568122058
-0.862948813253453
-0.867958763503523
-0.872881917877242
-0.877717784059173
-0.882465878462699
-0.887125726278378
-0.891696861521429
-0.896178827078329
-0.90057117475252
-0.904873465309236
-0.909085268519422
-0.913206163202755
-0.917235737269768
-0.921173587763054
-0.925019320897564
-0.928772552099984
-0.932432906047194
-0.936000016703799
-0.939473527358734
-0.942853090660933
-0.946138368654066
-0.949329032810333
-0.95242476406332
-0.9554252528399
-0.958330199091196
-0.961139312322583
-0.963852311622738
-0.96646892569173
-0.968988892868153
-0.97141196115529
-0.973737888246311
-0.975966441548507
-0.978097398206549
-0.98013054512477
-0.982065678988478
-0.983902606284288
-0.985641143319469
-0.987281116240318
-0.988822361049543
-0.990264723622663
-0.991608059723421
-0.992852235018207
-0.99399712508949
-0.995042615448265
-0.995988601545495
-0.99683498878257
-0.997581692520768
-0.998228638089713
-0.998775760794849
-0.999223005923906
-0.99957032875237
-0.999817694547959
-0.999965078574093
-1.00001246609237
-0.999959852364037
-0.999807242650468
-0.999554652212634
-0.999202106309579
-0.998749640195893
-0.998197299118187
-0.99754513831057
-0.996793222989121
-0.995941628345374
-0.994990439538792
-0.993939751688256
-0.992789669862551
-0.99154030906986
-0.990191794246262
-0.988744260243239
-0.987197851814193
-0.985552723599964
-0.983809040113376
-0.981966975722776
-0.980026714634604
-0.977988450874969
-0.975852388270246
-0.973618740426696
-0.971287730709103
-0.96885959221844
-0.966334567768554
-0.963712909861892
-0.960994880664244
-0.958180751978529
-0.955270805217616
-0.952265331376182
-0.949164631001609
-0.945969014163937
-0.942678800424849
-0.939294318805717
-0.935815907754706
-0.932243915112919
-0.92857869807962
-0.924820623176514
-0.92097006621109
-0.917027412239045
-0.912993055525776
-0.908867399506954
-0.904650856748182
-0.900343848903734
-0.895946806674397
-0.891460169764392
-0.886884386837411
-0.882219915471745
-0.877467222114533
-0.872626782035109
-0.867699079277482
-0.862684606611927
-0.857583865485711
-0.852397365972946
-0.847125626723584
-0.841769174911549
-0.836328546182024
