0
-0.01
-0.019999
-0.0299960001
-0.03999000059999
-0.04998000209992
-0.05996500559964
-0.0699440125988001
-0.0799160251967002
-0.0898800461920807
-0.099835079182842
-0.109780128665685
-0.119714200135661
-0.129636300185624
-0.139545436605569
-0.149440618481852
-0.159320856296288
-0.169185162025094
-0.179032549237697
-0.188862033195377
-0.198672630949737
-0.208463361441002
-0.218233245596123
-0.227981306426685
-0.237706569126603
-0.24740806116961
-0.257084812406499
-0.266735855162147
-0.276360224332279
-0.285956957479978
-0.29552509493193
-0.305063679874387
-0.314571758448858
-0.324048379847483
-0.333492596408124
-0.342903463709124
-0.352280040663753
-0.361621389614316
-0.370926576425917
-0.380194670579876
-0.389424745266777
-0.398615877479151
-0.407767148103777
-0.416877642013592
-0.425946448159207
-0.434972659660005
-0.443955373894837
-0.45289369259228
-0.461786721920464
-0.470633572576456
-0.47943335987519
-0.488185203837936
-0.496888229280299
-0.505541565899734
-0.514144348362578
-0.522695716390587
-0.531194814846956
-0.539640793821841
-0.548032808717344
-0.556370020331974
-0.564651594944572
-0.572876704397675
-0.581044526180339
-0.589154243510384
-0.597205045416078
-0.605196126817231
-0.613126688605702
-0.620995937725312
-0.62880308725115
-0.636547356468263
-0.644227970949729
-0.6518441626341
-0.659395169902207
-0.666880237653324
-0.674298617380676
-0.68164956724629
-0.68893235215518
-0.696146243828853
-0.703290520878144
-0.710364468875347
-0.717367380425663
-0.724298555237936
-0.731157300194685
-0.737942929421415
-0.744654764355202
-0.751292133812554
-0.757854374056525
-0.76434082886309
-0.770750849586769
-0.777083795225489
-0.783339032484687
-0.789515935840636
-0.795613887603001
-0.801632277976606
-0.807570505122413
-0.813427975217708
-0.819204102515481
-0.824898309403002
-0.830510026459584
-0.836038692513519
-0.841483754698203
-0.846844668507417
-0.852120897849781
-0.857311915102359
-0.862417201163427
-0.867436245504379
-0.87236854622078
-0.87721361008256
-0.881970952583331
-0.886640097988843
-0.891220579384557
-0.895711938722333
-0.900113726866236
-0.904425503637452
-0.908646837858305
-0.912777307395372
-0.916816499201699
-0.920764009358107
-0.924619443113578
-0.928382414924738
-0.932052548494406
-0.935629476809224
-0.939112842176361
-0.942502296259281
-0.945797500112574
-0.948998124215857
-0.952103848506717
-0.955114362412728
-0.958029364882496
-0.960848564415777
-0.963571679092616
-0.966198436601546
-0.968728574266816
-0.971161839074659
-0.973497987698594
-0.97573678652376
-0.977878011670273
-0.979921449015619
-0.981866894216064
-0.983714152727087
-0.985463039822837
-0.987113380614605
-0.988665010068312
-0.990117773021012
-0.991471524196409
-0.992726128219388
-0.993881459629544
-0.994937402893737
-0.995893852417641
-0.996750712556303
-0.997507897623709
-0.998165331901353
-0.998722949645807
-0.999180695095296
-0.999538522475276
-0.999796396003008
-0.99995428989114
-1.00001218835028
-0.999970085590591
-0.999827985822339
-0.999585903255506
-0.999243862098347
-0.998801896554978
-0.998260050821953
-0.997618379083847
-0.996876945507832
-0.996035824237266
-0.995095099384277
-0.994054865021349
-0.992915225171919
-0.991676293799971
-0.990338194798644
-0.988901061977837
-0.987365039050832
-0.985730279619922
-0.98399694716105
-0.982165215007462
-0.980235266332373
-0.978207294130651
-0.976081501199516
-0.973858100118261
-0.971537313226994
-0.969119372604405
-0.966604520044555
-0.9639930070327
-0.961285094720142
-0.958481053898113
-0.955581164970693
-0.952585717926776
-0.949495012311067
-0.946309357194127
-0.943029071141467
-0.939654482181693
-0.936185927773701
-0.932623754772931
-0.928968319396684
-0.925219987188498
-0.921379132981592
-0.917446140861389
-0.913421404127099
-0.909305325252397
-0.905098315845169
-0.900800796606357
-0.896413197287884
-0.891935956649683
-0.887369522415816
-0.882714351229708
-0.877970908608477
-0.873139668896385
-0.868221115217404
-0.863215739426901
-0.858124042062455
-0.852946532293802
-0.847683727871921
-0.842336155077252
-0.836904348667076
-0.831388851822032
-0.825790216091807
-0.820109001339972
-0.814345775688004
-0.808501115458466
-0.802575605117383
-0.796569837215788
-0.790484412330471
-0.784319939003922
-0.778077033683472
-0.771756320659653
-0.765358432003769
-0.758884007504684
-0.752333694604849
-0.745708148335553
-0.739008031251424
-0.73223401336417
-0.725386772075579
-0.718466992109781
-0.711475365444771
-0.704412591243218
-0.69727937578254
-0.690076432384283
-0.682804481342788
-0.675464249853159
-0.668056471938545
-0.660581888376737
-0.653041246626091
-0.645435300750782
-0.637764811345399
-0.630030545458881
-0.622233276517817
-0.614373784249101
-0.60645285460196
-0.598471279669359
-0.590429857608791
-0.582329392562462
-0.574170694576877
-0.565954579521835
-0.55768186900884
-0.549353390308944
-0.540969976270018
-0.532532465233464
-0.524041700950387
-0.515498532497215
-0.506903814190793
-0.498258405502952
-0.489563170974561
-0.480818980129073
-0.472026707385571
-0.463187231971331
-0.454301437833894
-0.445370213552673
-0.436394452250098
-0.427375051502297
-0.418312913249346
-0.40920894370507
-0.400064053266423
-0.39087915642245
-0.381655171662835
-0.372393021386053
-0.363093631807133
-0.353757932865032
-0.344386858129644
-0.334981344708444
-0.325542333152772
-0.316070767363786
-0.306567594498063
-0.29703376487289
-0.28747023187123
-0.277877951846383
-0.268257884026351
-0.258610990417917
-0.24893823571044
-0.239240587179393
-0.229519014589628
-0.219774490098404
-0.21000798815817
-0.20022048541912
-0.190412960631528
-0.180586394547873
-0.170741769824763
-0.160880070924671
-0.151002284017486
-0.1411093968819
-0.131202398806626
-0.12128228049147
-0.111350033948266
-0.101406652401667
-0.0914531301898273
-0.0814904626649689
-0.071519646093844
-0.0615416775581098
-0.0515575548546197
-0.0415682763956442
-0.0315748411090291
-0.0215782483383031
-0.0115794977427432
-0.00157958919740914
0.0084204773068447
0.0184197017633679
0.0284170842497147
0.0384116250276365
0.0484023246430556
0.0583881840260104
0.0683682045905626
0.0783413883346557
0.0883067379399153
0.098263256871381
0.10820994947716
0.11814582108799
0.128069878116712
0.137981128157623
0.147878580085717
0.157761244155803
0.167628132101474
0.177478257233934
0.187310634540671
0.197124280783954
0.206918214599158
0.216691456592903
0.226443029440988
0.236171957986129
0.245877269335471
0.25555799295788
0.265213160780994
0.274841807288029
0.284442969614335
0.29401568764368
0.30355900410426
0.31307196466443
0.322553618028134
0.332003016030035
0.341419213730333
0.350801269509257
0.360148245161231
0.369459205988689
0.378733220895548
0.387969362480317
0.397166707128838
0.406324335106646
0.415441330650944
0.424516782062177
0.433549781795203
0.44253942655005
0.451484817362242
0.460385059692697
0.469239263517184
0.478046543415318
0.486806018659112
0.495516813301039
0.504178056261636
0.512788881416607
0.521348427683436
0.529855839107497
0.538310264947647
0.546710859761303
0.555056783488982
0.563347201538312
0.571581284867489
0.579758210068179
0.587877159447862
0.5959373211116
0.603937889043227
0.61187806318595
0.619757049522354
0.627574060153806
0.635328313379242
0.643019033773341
0.650645452264062
0.658206806209557
0.665702339474431
0.673131302505357
0.680492952406033
0.687786553011469
0.695011374961603
0.702166695774241
0.709251799917301
0.71626597888037
0.723208531245551
0.730078762757607
0.736875986393388
0.743599522430529
0.750248698515427
0.756822849730474
0.763321318660547
0.769743455458755
0.776088617911416
0.782356171502287
0.788545489476007
0.79465595290078
0.800686950730262
0.806637879864672
0.812508145211095
0.818297159742997
0.824004344558924
0.829629128940396
0.835170950408974
0.84062925478251
0.846003496230569
0.851293137329005
0.856497649113707
0.861616511133498
0.866649211502176
0.871595246949704
0.876454122872537
0.881225353383082
0.885908461358289
0.89050297848736
0.895008445318583
0.899424411305274
0.903750434850834
0.907986083352909
0.912130933246649
0.916184570047064
0.920146588390474
0.924016592075046
0.92779419410041
0.931479016706364
0.935070691410647
0.938568859045789
0.941973169795026
0.945283283227284
0.94849886833122
0.951619603548322
0.954645176805069
0.957575285544136
0.960409636754649
0.963147947001486
0.965789942453622
0.968335358911514
0.970783941833514
0.973135446361331
0.975389637344512
0.977546289363958
0.979605186754469
0.981566123626303
0.983428903885775
0.985193341254858
0.986859259289816
0.988426491398845
0.989894880858734
0.991264280830537
0.992534554374257
0.99370557446254
0.994777223993376
0.995749395801813
0.99662199267067
0.99739492734026
0.998068122517116
0.99864151088172
0.999115035095236
0.999488647805242
0.999762311650468
0.999935999264529
1.00000969327866
0.999983386323469
0.999857081029643
0.999630790027715
0.999304535946783
0.998878351412257
0.998352279042589
0.997726371445018
0.997000691210301
0.996175310906464
0.995250313071536
0.994225790205301
0.993101844760045
0.991878589130314
0.990556145641669
0.98913464653846
0.987614233970597
0.985995059979338
0.98427728648208
0.982461085256174
0.980546637921743
0.978534135923519
0.976423780511703
0.974215782721836
0.971910363353696
0.969507752949221
0.967008191769452
0.964411929770505
0.961719226578581
0.958930351464
0.956045583314272
0.953065210606213
0.949989531377093
0.946818853194835
0.943553493127258
0.940193777710368
0.936740042915707
0.933192634116754
0.92955190605439
0.925818222801421
0.921991957726171
0.918073493455148
0.914063221834781
0.909961543892229
0.905768869795289
0.901485618811368
0.897112219265567
0.892649108497839
0.888096732819262
0.883455547467402
0.878726016560796
0.873908613052534
0.869003818682966
0.86401212393153
0.858934027967701
0.853770038601075
0.848520672230589
0.84318645379288
0.837767916709792
0.832265602835033
0.82668006239999
0.821011853958707
0.815261544332029
0.809429708550917
0.80351692979895
0.797523799354003
0.791450916529121
0.785298888612586
0.779068330807189
0.772759866168712
0.766374125543618
0.75991174750597
0.753373378293571
0.746759671743343
0.74007128922594
0.733308899579615
0.726473179043332
0.719564811189144
0.712584486853838
0.705532904069846
0.698410767995447
0.691218790844249
0.683957691813966
0.676628197014501
0.669231039395336
0.661766958672231
0.654236701253258
0.646641020164161
0.638980674973047
0.631256431714435
0.623469062812652
0.615619347004588
0.607708069261824
0.599736020712133
0.591703998560371
0.583612806008753
0.575463252176534
0.567256152019097
0.558992326246459
0.550672601241196
0.542297808975808
0.533868786929524
0.525386378004546
0.516851430441768
0.508264797735945
0.499627338550349
0.490939916630898
0.482203400719784
0.473418664468598
0.464586586350965
0.455708049574697
0.446783941993471
0.437815156018047
0.42880258852702
0.419747140777141
0.410649718313183
0.401511230877395
0.392332592318519
0.383114720500411
0.373858537210253
0.364564968066374
0.355234942425688
0.34586939329076
0.336469257216503
0.327035474216524
0.317568987669123
0.308070744222955
0.298541693702366
0.288982789012405
0.279394986043544
0.269779243576078
0.260136523184255
0.250467789140113
0.240774008317058
0.23105615009317
0.221315186254274
0.211552090896751
0.201767840330139
0.191963412979495
0.182139789287552
0.17229795161668
0.162438884150647
0.152563572796199
0.142673005084471
0.132768170072234
0.122850058242991
0.112919661407923
0.102977972606714
0.0930259860082448
0.0830646968111746
0.0730951011444233
0.0631181959675575
0.053134978971095
0.0431464484767354
0.0331536033375281
0.0231574428379871
0.0131589665941622
0.00315917445367798
-0.00684093360425165
-0.0168403575688209
-0.0268380974976332
-0.0368331536166957
-0.0468245264203966
-0.0568112167714555
-0.0667922260008372
-0.0767665560076188
-0.0867332093587996
-0.0966911893890446
-0.106639500300351
-0.116577147261627
-0.126503136508177
-0.136416475441076
-0.146316172726431
-0.156201238394513
-0.166070683938756
-0.175923522414605
-0.185758768538212
-0.195575438784966
-0.205372551487841
-0.215149126935568
-0.2249041874706
-0.234636757586886
-0.244345864027413
-0.254030535881538
-0.263689804682074
-0.273322704502142
-0.28292827205176
-0.292505546774172
-0.302053570941908
-0.311571389752549
-0.321058051424214
-0.330512607290738
-0.339934111896532
-0.349321623091137
-0.358674202123432
-0.367990913735515
-0.377270826256225
-0.386513011694309
-0.395716545831223
-0.404880508313555
-0.414003982745055
-0.42308605677828
-0.432125822205828
-0.441122375051155
-0.450074815658977
-0.458982248785233
-0.467843783686611
-0.47665853420962
-0.485425618879208
-0.494144160986908
-0.502813288678509
-0.511432135041243
-0.519999838190472
-0.528515541355883
-0.536978392967158
-0.545387546739136
-0.55374216175644
-0.562041402557568
-0.570284439218441
-0.578470447435392
-0.586598608607599
-0.594668109918946
-0.602678144419301
-0.610627911105214
-0.618516615000016
-0.626343467233318
-0.634107685119897
-0.641808492237964
-0.649445118506807
-0.657016800263799
-0.664522780340766
-0.671962308139698
-0.679334639707816
-0.686639037811963
-0.693874772012329
-0.701041118735494
-0.708137361346785
-0.715162790221942
-0.722116702818076
-0.728998403743929
-0.735807204829407
-0.742542425194402
-0.749203391316878
-0.755789437100222
-0.762299903939856
-0.768734140789096
-0.775091504224258
-0.781371358508996
-0.787573075657884
-0.793696035499206
-0.799739625736978
-0.805703242012177
-0.811586287963174
-0.817388175285375
-0.823108323790048
-0.828746161462341
-0.834301124518488
-0.839772657462183
-0.845160213140133
-0.850463252796768
-0.855681246128123
-0.860813671334866
-0.865860015174475
-0.870819773012567
-0.875692448873357
-0.88047755548926
-0.885174614349614
-0.889783155748533
-0.894302718831878
-0.898732851643339
-0.903073111169636
-0.907323063384815
-0.911482283293657
-0.915550354974169
-0.919526871619183
-0.923411435577036
-0.927203658391331
-0.930903160839787
-0.934509572972159
-0.938022534147233
-0.941441693068893
-0.944766707821246
-0.947997245902817
-0.951132984259798
-0.954173609318352
-0.957118817015975
-0.959968312831897
-0.962721811816535
-0.965379038619991
-0.967939727519585
-0.970403622446428
-0.972770477011025
-0.975040054527922
-0.977212128039366
-0.979286480338006
-0.981262903988612
-0.983141201348819
-0.984921184588892
-0.986602675710505
-0.988185506564548
-0.989669518867934
-0.991054564219433
-0.99234050411451
-0.993527209959176
-0.994614563082846
-0.995602454750207
-0.996490786172094
-0.997279468515363
-0.997968422911781
-0.998557580465908
-0.999046882261988
-0.999436279369842
-0.999725732849759
-0.999915213756391
-1.00000470314165
-0.999994192056589
-0.999883681552326
-0.999673182679907
-0.99936271648922
-0.998952314026884
-0.998442016333146
-0.997831874437774
-0.997121949354959
-0.996312312077208
-0.995403043568249
-0.994394234754934
-0.993285986518143
-0.9920784096827
-0.990771625006289
-0.989365763167377
-0.987860964752148
-0.986257380240445
-0.984555169990717
-0.98275450422399
-0.980855563006841
-0.978858536233391
-0.976763623606318
-0.974571034616884
-0.972280988523989
-0.969893714332241
-0.967409450769059
-0.964828446260801
-0.962150958907917
-0.959377256459142
-0.956507616284721
-0.953542325348672
-0.950481680180088
-0.947325986843486
-0.944075560908199
-0.940730727416822
-0.937291820852703
-0.933759185106498
-0.930133173441783
-0.926414148459724
-0.922602482062819
-0.918698555417708
-0.914702758917055
-0.91061549214051
-0.906437163814751
-0.90216819177261
-0.897809002911293
-0.893360033149684
-0.88882172738476
-0.884194539447098
-0.879478932055491
-0.874675376770679
-0.869784353948189
-0.864806352690305
-0.859741870797151
-0.854591414716918
-0.849355499495213
-0.844034648723559
-0.838629394487032
-0.833140277311057
-0.82756784610735
-0.821912658119033
-0.816175278864904
-0.810356282082888
-0.804456249672664
-0.798475771637473
-0.792415446025118
-0.786275878868161
-0.780057684123316
-0.77376148361006
-0.767387906948442
-0.760937591496129
-0.754411182284667
-0.747809331954977
-0.741132700692091
-0.734381956159136
-0.727557773430565
-0.72066083492465
-0.713691830335244
-0.706651456562804
-0.699540417644707
-0.692359424684846
-0.685109195782517
-0.677790455960609
-0.670403937093105
-0.662950377831892
-0.655430523532896
-0.647845126181546
-0.640194944317579
-0.632480742959179
-0.624703293526484
-0.616863373764436
-0.608961767665012
-0.600999265388821
-0.592976663186091
-0.584894763317042
-0.576754373971662
-0.568556309188885
-0.560301388775188
-0.551990438222615
-0.543624288626219
-0.53520377660096
-0.526729744198041
-0.518203038820703
-0.509624513139482
-0.500995025006948
-0.492315437371913
-0.48358661819314
-0.474809440352548
-0.465984781567921
-0.457113524305138
-0.448196555689923
-0.43923476741914
-0.430229055671615
-0.421180321018523
-0.412089468333328
-0.402957406701301
-0.393785049328603
-0.384573313450973
-0.375323120241997
-0.366035394720997
-0.356711065660525
-0.347351065493487
-0.3379563302199
-0.328527799313291
-0.31906641562675
-0.309573125298647
-0.300048877658013
-0.290494625129614
-0.280911323138702
-0.271299930015477
-0.261661406899249
-0.251996717642332
-0.24230682871365
-0.232592709102097
-0.222855330219634
-0.213095665804149
-0.203314691822084
-0.193513386370836
-0.183692729580951
-0.173853703518108
-0.163997292084914
-0.154124480922511
-0.144236257312015
-0.134333610075789
-0.124417529478554
-0.114489007128372
-0.104549035877477
-0.0945986097229947
-0.0846387237075397
-0.074670373819714
-0.0646945568945063
-0.0547122705136092
-0.0447245129056607
-0.0347322828464217
-0.024736579558898
-0.0147384026134184
-0.00473875182767746
0.00526137283324623
0.0152609713568866
0.0252590437833913
0.0352545903055176
0.0452466113686134
0.0552341077705724
0.0652160807617542
0.0751915321448599
0.0851594643747511
0.0951188806582049
0.105068785053593
0.115008182570475
0.124936079269101
0.134851482359799
0.144753400302262
0.154640842904694
0.164512821422836
0.174368348658836
0.18420643905997
0.194026108817198
0.203826375963544
0.213606260472293
0.223364784354996
0.233100971759263
0.242813849066354
0.252502444988538
0.262165790666224
0.271802919764843
0.281412868571485
0.29099467609127
0.300547384143447
0.310070037457208
0.319561683767224
0.329021373908864
0.338448161913112
0.34784110510117
0.357199264178717
0.366521703329846
0.375807490310642
0.385055696542407
0.394265397204518
0.403435671326908
0.412565601882166
0.421654275877236
0.430700784444717
0.439704222933755
0.448663691000499
0.457578292698143
0.466447136566517
0.475269335721234
0.48404400794238
0.492770275762731
0.501447266555505
0.510074112621625
0.518649951276482
0.527173924936211
0.535645181203447
0.544062872952563
