51.4000858703323
51.2974710266866
51.1920231590632
51.0837686149573
50.972737430017
50.8589610861457
50.74247488045
50.6233143352966
50.5015184079638
50.3771283537888
50.2501861260474
50.1207348999137
49.9888212957792
49.8544911170431
49.7177931630286
49.5787764693294
49.4374917238274
49.293989693015
49.1483228337388
49.0005447396117
48.8507085107396
48.698869225132
48.5450811024684
48.3893997405169
48.231880894964
48.0725817355375
47.9115567990346
47.7488638842207
47.5845596862626
47.418701011219
47.2513437055882
47.0825458421073
46.9123628425477
46.740852300025
46.5680697259416
46.3940707793508
46.218911867129
46.0426481486003
45.8653344788505
45.68702501003
45.5077743035665
45.3276349906638
45.146661110584
44.9649053875026
44.7824170201212
44.5992495512729
44.415452174468
44.2310755962703
44.0461676958211
43.8607770905337
