-1257.75245352112
-1259.15116459527
-1260.54805509274
-1261.94304438271
-1263.33605235943
-1264.7269996484
-1266.11580751747
-1267.5023982101
-1268.88669471835
-1270.2686209185
-1271.64810177755
-1273.02506327359
-1274.39943235822
-1275.77113722496
-1277.14010713374
-1278.5062725838
-1279.86956529373
-1281.22991828701
-1282.58726577259
-1283.94154337367
-1285.29268803538
-1286.64063801505
-1287.9853330896
-1289.32671433666
-1290.6647242342
-1291.99930670512
-1293.33040726392
-1294.6579727311
-1295.98195141594
-1297.30229313157
-1298.61894922852
-1299.93187241706
-1301.24101700373
-1302.54633867931
-1303.84779471445
-1305.14534391121
-1306.43894637875
-1307.72856378635
-1309.01415934568
-1310.29569767122
-1311.57314478145
-1312.84646824473
-1314.11563697498
-1315.38062126885
-1316.64139310831
-1317.8979254745
-1319.1501930238
-1320.39817159687
-1321.64183859603
-1322.88117250889
