0.000230045471893847
0.000280844359290947
0.000342936703929475
0.000418849838741804
0.000511680329137267
0.000625222986787157
0.000764129302410431
0.00093410204591854
0.00114213433906907
0.00139680342384557
0.00170863171342276
0.00209053062553409
0.00255834628909768
0.0031315306418468
0.00383396689759414
0.00469498509449035
0.00575061174478856
0.00704510785612219
0.00863286224624044
0.0105807226849515
0.0129708666816828
0.0159043375317303
0.0195054006459579
0.0239269114932392
0.0293569313619147
0.0360268825850494
0.0442216034036111
0.0542917473531423
0.06666907679585
0.0818853297112103
0.100595499107187
0.123606562510283
0.151912944237025
0.186740296522542
0.229599561182654
0.282353738330013
0.347300364400844
0.427273414436412
0.525769226607097
0.64710214082476
0.796596898294636
0.980826528371279
1.20790653093504
1.48785874260012
1.83306147455522
2.25880647824219
2.78398821458656
3.43195700894555
4.23157524643013
5.21852516305537
