45.0565376204679
44.9600258204473
44.8624731622017
44.7638944229774
44.6643044126414
44.563718446833
44.4621520834802
44.3596205253015
44.2561396242188
44.1517252032859
44.0463932616995
43.940159878911
43.8330407487587
43.7250525508064
43.6162116489415
43.506534130872
43.3960370458959
43.2847363301174
43.1726491643934
43.059792040468
42.9461815267625
42.8318347523599
42.7167682758674
42.6009990262159
42.4845440240246
42.367420090984
42.249643510687
42.131232118238
42.0122023126883
41.8925709350593
41.7723549280758
41.6515709106245
41.5302357650315
41.4083662294273
41.2859791452264
41.1630910167604
41.0397182766751
40.9158776886618
40.7915852801565
40.6668578620192
40.5417117615517
40.4161625623387
40.2902272022993
40.1639213258363
40.0372606372669
39.9102614074071
39.7829387225747
39.6553092501782
39.5273872338637
39.3991886149884
