-565.379855791995
-565.924743051075
-566.468850246806
-567.012163304551
-567.554668275696
-568.096351389212
-568.637198995769
-569.177197651172
-569.716334046144
-570.254595036399
-570.791967652562
-571.328439085052
-571.863996743422
-572.398628137351
-572.932320985961
-573.465063209017
-573.996842848978
-574.527648187579
-575.057467636443
-575.586289838355
-576.11410357346
-576.64089782827
-577.166661785413
-577.691384791406
-578.215056394652
-578.737666311312
-579.259204523929
-579.779661070076
-580.299026279329
-580.817290647198
-581.33444487217
-581.850479811589
-582.365386517415
-582.879156280276
-583.391780515095
-583.903250875936
-584.413559204952
-584.922697509003
-585.430658024231
-585.937433133779
-586.443015436218
-586.947397734285
-587.45057295932
-587.952534311337
-588.45327514564
-588.952788976663
-589.451069543265
-589.948110719234
-590.44390667569
-590.938451647397
