0.0394728694853964
0.043176484605484
0.0472316755430288
0.0516721893684311
0.0565350468628121
0.0618608632802699
0.0676942008634623
0.0740839562394412
0.0810837862137179
0.0887525757799315
0.0971549525796109
0.10636185246071
0.116451141245081
0.127508298380923
0.139627168611834
0.152910788590359
0.167472295897338
0.183435928792512
0.200938125799941
0.220128735223883
0.241172345666559
0.26424974970053
0.289559554240118
0.317319952352564
0.347770672873089
0.381175125818387
0.417822763322941
0.458031678236287
0.502151464004679
0.55056636285442
0.603698731190537
0.662012854670917
0.726019148444333
0.796278781549201
0.873408769268262
0.958087580348865
1.05106131220727
1.15315049186594
1.26525756653998
1.38837515430277
1.52359513276697
1.67211865150145
1.83526716245006
2.01449457323875
2.2114006383398
2.42774571506226
2.66546702436147
2.9266965716109
3.21378089774024
3.52930284938521
