-3460.150728
-3464.50281503555
-3468.85495207354
-3473.20655283689
-3477.5570190005
-3481.9057440356
-3486.25211652396
-3490.59552268725
-3494.93534873229
-3499.27098273212
-3503.60181631024
-3507.92724614873
-3512.24667524608
-3516.55951417684
-3520.86518208239
-3525.16310776267
-3529.45273046792
-3533.7335008457
-3538.00488159612
-3542.26634826132
-3546.51738984344
-3550.75750937192
-3554.98622441905
-3559.20306772622
-3563.40758743985
-3567.59934760651
-3571.77792849934
-3575.94292685728
-3580.09395615861
-3584.23064681665
-3588.35264626176
-3592.45961907522
-3596.55124709139
-3600.62722933142
-3604.68728195231
-3608.73113831904
-3612.75854876232
-3616.76928043017
-3620.76311723836
-3624.7398595509
-3628.69932394903
-3632.64134299147
-3636.5657649136
-3640.47245328941
-3644.3612867045
-3648.23215840465
-3652.08497584625
-3655.91966037008
-3659.73614677719
-3663.53438286512
