-3452.44945919933
-3457.51703912433
-3462.44940283508
-3467.27791215381
-3472.02641621084
-3476.71299379946
-3481.35129728189
-3485.95158728289
-3490.52152826674
-3495.0667993734
-3499.59156313133
-3504.09882494845
-3508.59070845068
-3513.06866656161
-3517.53364322868
-3521.98619715718
-3526.42659683188
-3530.85489310041
-3535.27097508685
-3539.67461288761
-3544.06549045779
-3548.44323090689
-3552.80741585697
-3557.15760045251
-3561.49332491118
-3565.81412339597
-3570.11953084553
-3574.40908837147
-3578.68234730402
-3582.93887225953
-3587.17824370747
-3591.40005961487
-3595.60393699849
-3599.78951275131
-3603.95644450825
-3608.10441102554
-3612.23311249773
-3616.34227074441
-3620.43162911538
-3624.50095247238
-3628.55002686633
-3632.57865947716
-3636.58667801116
-3640.57393052999
-3644.54028486038
-3648.48562821378
-3652.40986657524
-3656.31292425584
-3660.19474325082
-3664.05528269943
