-3232.66044792223
-3290.7344428326
-3337.15437403106
-3373.99967366485
-3403.18499834654
-3426.36349617136
-3444.90174615113
-3459.89543605232
-3472.20400287297
-3482.49089501997
-3491.2622850594
-3498.90099941069
-3505.69468854889
-3511.85841968893
-3517.55237837159
-3522.89551479559
-3527.9759427566
-3532.85879797604
-3537.59214029956
-3542.21136640737
-3546.74249774871
-3551.2046241545
-3555.61171628203
-3559.97396801162
-3564.29878945987
-3568.59154103123
-3572.85607539529
-3577.09513786578
-3581.31066155232
-3585.50398543162
-3589.67601480771
-3593.82734011672
-3597.95832407081
-3602.06916624241
-3606.15995046626
-3610.2306800063
-3614.28130315269
-3618.31173230971
-3622.32185798425
-3626.3115588844
-3630.2807095464
-3634.22918562456
-3638.15686796216
-3642.06364528347
-3645.94941617375
-3649.81409046757
-3653.65759003695
-3657.47984937391
-3661.28081579663
-3665.06044954508
