-2090.16289139977
-2189.60213741413
-2301.91732678232
-2424.55048464531
-2553.58100226729
-2684.15888286901
-2811.21421420215
-2930.23560149066
-3037.87506836031
-3132.22394409172
-3212.75132861881
-3280.01212662733
-3335.26760732131
-3380.13153079057
-3416.30032939827
-3445.37931364108
-3468.7903746373
-3487.73768670708
-3503.20921060066
-3515.99711845692
-3526.72596729599
-3535.88203408216
-3543.84039834034
-3550.88833294005
-3557.24468377703
-3563.07548725763
-3568.50631649339
-3573.63190850111
-3578.52359689836
-3583.23500846556
-3587.80640543505
-3592.26798163421
-3596.6423570401
-3600.94646120224
-3605.19295240389
-3609.39128580618
-3613.54851640657
-3617.66990211569
-3621.75935636976
-3625.81978783186
-3629.85335507336
-3633.86165743816
-3637.84587824026
-3641.80689193129
-3645.74534453813
-3649.66171365862
-3653.55635367107
-3657.42952937506
-3661.2814411913
-3665.112244
