-3458.85949420344
-3463.33940416835
-3467.8121121062
-3472.27853605013
-3476.73919383368
-3481.19430217473
-3485.64385176024
-3490.08766433071
-3494.5254361087
-3498.95677085488
-3503.38120517315
-3507.79822781627
-3512.20729460738
-3516.60783986471
-3520.99928535536
-3525.38104718388
-3529.75254124437
-3534.11318753055
-3538.46241346201
-3542.79965672435
-3547.12436729346
-3551.43600938902
-3555.73406273753
-3560.01802381238
-3564.28740683052
-3568.54174438532
-3572.78058816884
-3577.003509393
-3581.21009920058
-3585.39996885642
-3589.57275005631
-3593.72809487926
-3597.8656759493
-3601.98518630833
-3606.08633935391
-3610.1688686958
-3614.23252794341
-3618.27709046042
-3622.30234905219
-3626.30811566172
-3630.29422100053
-3634.26051409209
-3638.20686191661
-3642.13314889726
-3646.0392764479
-3649.92516244439
-3653.79074069516
-3657.63596044704
-3661.46078578386
-3665.26519509043
