1.000000000000000000e+00
8.256229307873944601e-01
7.229866408524897592e-01
6.655846202431514591e-01
6.168818071977246742e-01
5.864456961287191072e-01
5.542840287881465322e-01
5.189940914795519999e-01
4.953251588299518171e-01
4.720766861750288479e-01
4.493558154273664673e-01
4.295273067127878819e-01
4.089123130443724219e-01
3.918348196844418374e-01
3.753131060706048072e-01
3.594358929835992367e-01
3.417901355925725415e-01
3.265604880208003991e-01
3.097876562363077180e-01
2.948424434239830805e-01
2.811626990118289426e-01
2.688686218127403493e-01
2.531088378132477779e-01
2.428608690728940034e-01
2.298591698667676597e-01
2.129061550461891217e-01
2.051848276841854446e-01
1.958938721375854120e-01
1.870881571336824867e-01
1.758933137392923729e-01
1.663085496908110750e-01
1.593269325983096840e-01
1.507157821211121129e-01
1.422245055952744974e-01
1.369009667078346648e-01
1.308258468080495396e-01
1.236810447671235075e-01
1.178517519132203512e-01
1.114934764335438477e-01
1.044368323249360575e-01
9.655553125883882537e-02
8.740582118791910549e-02
7.639854412006766293e-02
6.546967626048721955e-02
5.436640698661883431e-02
4.280981159885891008e-02
3.011050095717595840e-02
1.774857794324112212e-02
8.634419937100104928e-03
3.988375548268670648e-03
-1.641847200824970695e-14
0.000000000000000000e+00
-3.283694401649941389e-14
1.641847200824970695e-14
0.000000000000000000e+00
0.000000000000000000e+00
0.000000000000000000e+00
0.000000000000000000e+00
1.641847200824970695e-14
1.641847200824970695e-14
1.641847200824970695e-14
-3.283694401649941389e-14
-1.641847200824970695e-14
1.641847200824970695e-14
-1.641847200824970695e-14
-1.641847200824970695e-14
0.000000000000000000e+00
1.641847200824970695e-14
-1.641847200824970695e-14
1.641847200824970695e-14
-1.641847200824970695e-14
0.000000000000000000e+00
0.000000000000000000e+00
1.641847200824970695e-14
1.641847200824970695e-14
1.641847200824970695e-14
1.641847200824970695e-14
-1.641847200824970695e-14
-1.641847200824970695e-14
0.000000000000000000e+00
0.000000000000000000e+00
0.000000000000000000e+00
-1.641847200824970695e-14
-1.641847200824970695e-14
0.000000000000000000e+00
-1.641847200824970695e-14
1.641847200824970695e-14
-1.641847200824970695e-14
1.641847200824970695e-14
0.000000000000000000e+00
1.641847200824970695e-14
-1.641847200824970695e-14
1.641847200824970695e-14
1.641847200824970695e-14
1.641847200824970695e-14
-1.641847200824970695e-14
-1.641847200824970695e-14
3.283694401649941389e-14
0.000000000000000000e+00
0.000000000000000000e+00
-1.641847200824970695e-14
0.000000000000000000e+00
3.283694401649941389e-14
1.641847200824970695e-14
1.641847200824970695e-14
0.000000000000000000e+00
0.000000000000000000e+00
-1.641847200824970695e-14
3.283694401649941389e-14
-3.283694401649941389e-14
-1.641847200824970695e-14
1.641847200824970695e-14
0.000000000000000000e+00
0.000000000000000000e+00
1.641847200824970695e-14
1.641847200824970695e-14
0.000000000000000000e+00
-1.641847200824970695e-14
-1.641847200824970695e-14
3.283694401649941389e-14
-3.283694401649941389e-14
1.641847200824970695e-14
1.641847200824970695e-14
-1.641847200824970695e-14
1.641847200824970695e-14
-1.641847200824970695e-14
-1.641847200824970695e-14
3.283694401649941389e-14
1.641847200824970695e-14
0.000000000000000000e+00
1.641847200824970695e-14
0.000000000000000000e+00
0.000000000000000000e+00
1.641847200824970695e-14
0.000000000000000000e+00
-1.641847200824970695e-14
0.000000000000000000e+00
1.641847200824970695e-14
1.641847200824970695e-14
-1.641847200824970695e-14
0.000000000000000000e+00
-1.641847200824970695e-14
3.283694401649941389e-14
0.000000000000000000e+00
0.000000000000000000e+00
1.641847200824970695e-14
0.000000000000000000e+00
1.641847200824970695e-14
-3.283694401649941389e-14
0.000000000000000000e+00
0.000000000000000000e+00
1.641847200824970695e-14
0.000000000000000000e+00
-1.641847200824970695e-14
0.000000000000000000e+00
1.641847200824970695e-14
-1.641847200824970695e-14
1.641847200824970695e-14
1.641847200824970695e-14
0.000000000000000000e+00
-3.283694401649941389e-14
1.641847200824970695e-14
1.641847200824970695e-14
-1.641847200824970695e-14
0.000000000000000000e+00
1.641847200824970695e-14
-1.641847200824970695e-14
0.000000000000000000e+00
0.000000000000000000e+00
1.641847200824970695e-14
0.000000000000000000e+00
1.641847200824970695e-14
0.000000000000000000e+00
1.641847200824970695e-14
0.000000000000000000e+00
0.000000000000000000e+00
0.000000000000000000e+00
1.641847200824970695e-14
0.000000000000000000e+00
1.641847200824970695e-14
-1.641847200824970695e-14
1.641847200824970695e-14
1.641847200824970695e-14
0.000000000000000000e+00
0.000000000000000000e+00
0.000000000000000000e+00
0.000000000000000000e+00
-1.641847200824970695e-14
0.000000000000000000e+00
0.000000000000000000e+00
-1.641847200824970695e-14
1.641847200824970695e-14
0.000000000000000000e+00
0.000000000000000000e+00
1.641847200824970695e-14
0.000000000000000000e+00
0.000000000000000000e+00
0.000000000000000000e+00
0.000000000000000000e+00
0.000000000000000000e+00
