1.000000000000000000e+00
2.183310874610685515e-01
-1.510500161282244888e-02
3.874626410796369515e-03
-4.966775241455407414e-02
-8.616121234492268854e-02
-9.528007683107553305e-02
5.113130747698176742e-02
7.747872111073368651e-02
5.835623522737415358e-02
-7.480002701336131710e-02
-1.117438244476107873e-01
-6.589096973848219962e-02
-9.249820350011631054e-02
-1.057382502929339052e-01
3.787840095934340290e-02
6.188476824519294206e-02
-1.869576011961874076e-02
-2.111849021544626170e-02
3.407617414471136863e-02
5.075603212165090417e-02
-1.880514557137502596e-02
-8.698811328235438178e-02
-2.215603053752118225e-03
1.415575064291133556e-01
2.690086864252207860e-02
-8.086453794530890082e-02
-7.023770965686286505e-03
1.711228957069690637e-01
1.222194116541168440e-01
-1.870740809852461731e-02
-6.549715502933600719e-02
-9.534209921144232158e-02
-8.243245762055309567e-02
-1.539578210049035722e-01
2.189193619783123997e-03
7.879063574087344368e-02
8.188609991741835695e-03
4.165091880327345848e-03
-6.349342793186132927e-02
-1.532797796189653006e-01
-7.088476801361191793e-02
-7.884578439302164510e-02
8.956396399922813330e-04
9.515506492503127134e-02
7.553940108705992085e-02
-3.083083955084738384e-02
-1.091165665000411733e-01
-3.093678857494605236e-02
-2.041814771473466350e-01
-7.182008578369768192e-02
-6.184075682928851653e-02
-4.264566798396109137e-02
7.250502109338850809e-02
9.689486115214204776e-02
6.117389439514504118e-02
-1.331254794980554941e-02
1.131100443702379721e-01
1.043699801997563376e-01
5.678479033072977855e-02
-5.927861026466038630e-02
-2.128699545692414735e-02
-1.689684325120986361e-02
1.022751222426962342e-01
1.043381985898716169e-01
1.063829970651711393e-01
1.589726687397692295e-01
9.370574873958729956e-02
9.813442020393067788e-02
-8.427136451193029121e-02
-1.083486721675247372e-01
-4.794726616002081138e-02
-1.036125978490801819e-01
1.716974659332294595e-02
7.236687921222130504e-02
2.528890168301169139e-02
-1.398854847234093091e-01
-6.940566559572251826e-02
-7.374275607155114654e-02
-8.879014302573010053e-02
-5.904752926993849654e-02
-4.379154684174632606e-02
3.398520900854437032e-01
2.034294576065154569e-01
-3.312717158828251685e-02
5.893015991978397400e-02
2.830739260534544458e-02
5.542318418923410789e-02
-1.121412967901968816e-01
-8.924388236162841131e-03
1.244481179709353846e-01
1.620877512667382725e-01
9.385360969242940998e-02
4.248098501337648630e-02
-2.566072625415972974e-02
-1.580923832293371911e-01
-1.964730215770931487e-01
-8.487207845031273512e-02
4.483539568908219072e-03
-2.842425710784594536e-02
-1.233685802441585599e-01
-5.228706114414411604e-02
-3.411095958432142777e-02
-7.032311625232964825e-02
-2.292982998737631006e-01
-7.295585817918431859e-02
5.060638468660947492e-02
-1.024412638105067774e-01
-7.679265568702718647e-02
2.663978213080876734e-02
2.062902341038474335e-02
1.003867972604854802e-01
8.494818195455007548e-02
9.620207028977409425e-02
-7.373269520778685804e-02
-1.523893721158469106e-01
-1.192050977431627773e-01
-8.035972487616527271e-02
2.800446549994218826e-01
4.327462487397416846e-02
1.139212711998323496e-01
2.271052233063830250e-01
-7.350903491445855142e-02
-1.422280617495677857e-01
-1.479258980167135751e-01
-1.339779049082142660e-02
4.822279362458723601e-02
4.071024043736466702e-02
5.651942587018896069e-02
-4.070159787316371403e-02
9.269235323354718670e-02
-1.136824468071152283e-01
-9.378606107367704059e-02
6.172937358682810405e-02
-7.881376265162309824e-02
6.014059339149982475e-02
2.598165791512200840e-01
1.411021983432970417e-01
-1.512095917205632245e-01
-8.899198766582928910e-02
-6.580921258022905118e-02
4.283348251829111747e-02
6.318546405678748812e-02
-1.250722840742696761e-02
-4.404200346053670917e-02
1.790402961630603307e-01
1.405023297691889717e-01
-5.901651297403607416e-02
7.653123221593584324e-02
2.059037780640477766e-01
2.574267863007482227e-01
-9.274128219660404682e-02
-3.996931944269658254e-01
4.077877735098952433e-02
1.300363939417468750e-01
-9.716226227943158822e-02
1.131839628655701147e-01
1.349116452835638913e-01
-9.630529582313293591e-02
-1.906459930908254441e-01
8.339550196437470198e-02
4.419671996312968948e-02
-1.894288221642643766e-01
-1.150224318990111932e-01
2.683587546472027685e-01
1.157097786264599248e-01
1.247908770755962737e-01
-3.606584795069629479e-01
-1.627135631849500885e-01
-1.762494613314515360e-02
-3.080725967431601764e-01
-2.248643210123594804e-01
9.438033913458565571e-02
1.902934077408042213e-01
1.742644946735122380e-01
-1.343653326089356559e-01
-3.637413960640817345e-02
2.355658184807691014e-01
3.630598908756142995e-01
6.982708561116401924e-02
-1.804241792727103721e-01
2.155274051631451693e-01
-1.740984459794381600e-01
-2.408835704764515084e-01
7.522953401911362456e-03
9.100045995776065433e-02
-1.915015867481220657e-01
-2.757763367781247976e-01
-5.237031420838160478e-02
7.028316761529065926e-02
-2.550265365450328781e-01
-3.378729948927623999e-03
3.325937293475058620e-01
4.170318108390048684e-01
-4.544391781306864053e-01
-1.151471166594333628e-01
1.441873005704628286e+00
3.784177542798251581e-01
-2.838133157098723380e-01
0.000000000000000000e+00
