1.000000000000000000e+00
9.510362872514744881e-01
9.112356536804826490e-01
8.734092700281360644e-01
8.324137778200854099e-01
7.963943692839021704e-01
7.553171588716075524e-01
7.166187843999627383e-01
6.859141848657310803e-01
6.556181918234007533e-01
6.237737446195646962e-01
5.967766626057933177e-01
5.671990358005090105e-01
5.386940323546933751e-01
5.100836186932090621e-01
4.829015690401043948e-01
4.566019989365250886e-01
4.310960426109676780e-01
4.060627052498522738e-01
3.826184907252735967e-01
3.609655131652096949e-01
3.438282560551451095e-01
3.251339393604640859e-01
3.063396505013444848e-01
2.861511713134171075e-01
2.656248067137856883e-01
2.482593299318758273e-01
2.311243465977861622e-01
2.149213329881038137e-01
2.003008963986882274e-01
1.874512919555517410e-01
1.748736599579995277e-01
1.623510270966737334e-01
1.486271037827678332e-01
1.357119324119451520e-01
1.237657546093449690e-01
1.111758717403621699e-01
9.905830681120836312e-02
8.707466875174019183e-02
7.568505974914956080e-02
6.525760592818920236e-02
5.450350595895980116e-02
4.320155423807028883e-02
3.448472351422026544e-02
2.525496829014166333e-02
1.572119235139030763e-02
8.690176560882167944e-03
3.797622698870091636e-03
1.279912625538664073e-03
4.471088466651189169e-04
-5.209960068996550731e-15
-2.604980034498275365e-15
-2.604980034498275365e-15
2.604980034498275365e-15
2.604980034498275365e-15
-2.604980034498275365e-15
0.000000000000000000e+00
0.000000000000000000e+00
0.000000000000000000e+00
0.000000000000000000e+00
2.604980034498275365e-15
0.000000000000000000e+00
-2.604980034498275365e-15
0.000000000000000000e+00
0.000000000000000000e+00
-2.604980034498275365e-15
0.000000000000000000e+00
0.000000000000000000e+00
-2.604980034498275365e-15
2.604980034498275365e-15
0.000000000000000000e+00
0.000000000000000000e+00
0.000000000000000000e+00
2.604980034498275365e-15
2.604980034498275365e-15
0.000000000000000000e+00
2.604980034498275365e-15
-2.604980034498275365e-15
-2.604980034498275365e-15
-2.604980034498275365e-15
2.604980034498275365e-15
0.000000000000000000e+00
0.000000000000000000e+00
-2.604980034498275365e-15
2.604980034498275365e-15
0.000000000000000000e+00
0.000000000000000000e+00
0.000000000000000000e+00
0.000000000000000000e+00
0.000000000000000000e+00
2.604980034498275365e-15
0.000000000000000000e+00
2.604980034498275365e-15
2.604980034498275365e-15
2.604980034498275365e-15
-5.209960068996550731e-15
-2.604980034498275365e-15
2.604980034498275365e-15
0.000000000000000000e+00
0.000000000000000000e+00
0.000000000000000000e+00
-2.604980034498275365e-15
2.604980034498275365e-15
2.604980034498275365e-15
0.000000000000000000e+00
0.000000000000000000e+00
0.000000000000000000e+00
-2.604980034498275365e-15
2.604980034498275365e-15
-5.209960068996550731e-15
0.000000000000000000e+00
0.000000000000000000e+00
0.000000000000000000e+00
0.000000000000000000e+00
2.604980034498275365e-15
2.604980034498275365e-15
5.209960068996550731e-15
-2.604980034498275365e-15
0.000000000000000000e+00
5.209960068996550731e-15
-5.209960068996550731e-15
2.604980034498275365e-15
0.000000000000000000e+00
-2.604980034498275365e-15
2.604980034498275365e-15
-2.604980034498275365e-15
-5.209960068996550731e-15
0.000000000000000000e+00
0.000000000000000000e+00
0.000000000000000000e+00
0.000000000000000000e+00
0.000000000000000000e+00
0.000000000000000000e+00
0.000000000000000000e+00
-2.604980034498275365e-15
0.000000000000000000e+00
0.000000000000000000e+00
0.000000000000000000e+00
0.000000000000000000e+00
-2.604980034498275365e-15
0.000000000000000000e+00
-2.604980034498275365e-15
2.604980034498275365e-15
0.000000000000000000e+00
2.604980034498275365e-15
2.604980034498275365e-15
2.604980034498275365e-15
0.000000000000000000e+00
-2.604980034498275365e-15
-2.604980034498275365e-15
0.000000000000000000e+00
5.209960068996550731e-15
2.604980034498275365e-15
0.000000000000000000e+00
0.000000000000000000e+00
0.000000000000000000e+00
0.000000000000000000e+00
2.604980034498275365e-15
0.000000000000000000e+00
0.000000000000000000e+00
-2.604980034498275365e-15
2.604980034498275365e-15
2.604980034498275365e-15
-2.604980034498275365e-15
0.000000000000000000e+00
2.604980034498275365e-15
0.000000000000000000e+00
-2.604980034498275365e-15
0.000000000000000000e+00
0.000000000000000000e+00
-1.302490017249137683e-15
0.000000000000000000e+00
1.302490017249137683e-15
1.302490017249137683e-15
-2.604980034498275365e-15
-1.302490017249137683e-15
0.000000000000000000e+00
0.000000000000000000e+00
0.000000000000000000e+00
1.302490017249137683e-15
-1.302490017249137683e-15
1.302490017249137683e-15
1.302490017249137683e-15
-1.302490017249137683e-15
0.000000000000000000e+00
0.000000000000000000e+00
0.000000000000000000e+00
-1.302490017249137683e-15
0.000000000000000000e+00
0.000000000000000000e+00
-1.302490017249137683e-15
0.000000000000000000e+00
0.000000000000000000e+00
0.000000000000000000e+00
3.256225043122844207e-16
-6.512450086245688413e-16
0.000000000000000000e+00
0.000000000000000000e+00
0.000000000000000000e+00
0.000000000000000000e+00
