1.000000000000000000e+00
7.982320535431399744e-01
6.940904420081249748e-01
6.288800706416755038e-01
5.737777736045291954e-01
5.139222387124812164e-01
4.727582331461328002e-01
4.531890807405292709e-01
4.253780493358696457e-01
4.123573368945243622e-01
4.227903305883251583e-01
4.318034246024191058e-01
4.218297955423330192e-01
3.852861292137603755e-01
3.424992100632752723e-01
3.219979041983563328e-01
2.841715632743425091e-01
2.491111115967924172e-01
2.031633077153485178e-01
1.914977794032919067e-01
1.842766129487460325e-01
1.905623397480003811e-01
1.683510080074721305e-01
1.896113836217599713e-01
2.242103284406316566e-01
2.284649821230306244e-01
2.237396555036091084e-01
1.969872261625165155e-01
1.652648676182677245e-01
1.515675379904521947e-01
1.384110130135920436e-01
1.543639295270290146e-01
1.650765122216310277e-01
1.777373345368433721e-01
1.754048394190883264e-01
1.853492553660463782e-01
1.762851250703447170e-01
1.576781309420384747e-01
1.345094469541238680e-01
9.535138202323191481e-02
8.789999873493659077e-02
8.232461557882909953e-02
5.798281797205008525e-02
3.342301936982770144e-02
3.712671040361979757e-02
5.260012831326381366e-02
2.939465801282514085e-02
1.525866183165091282e-02
2.486099286200039310e-02
5.237708995521608846e-02
5.450546114105053741e-02
5.063463609717129554e-02
7.404495154680715285e-02
4.065366583738234257e-02
3.169282139521283070e-02
4.591212096933956072e-02
4.807759229109250659e-02
3.463264409355636120e-02
3.457621848422812866e-02
5.232371348441253178e-02
7.687608557450685554e-02
8.547535720995726172e-02
8.040176849179074547e-02
8.678513081130027895e-02
1.148394876322626490e-01
1.474448639667894079e-01
1.508360475967701342e-01
1.748828519490907840e-01
1.896682180973290055e-01
1.550514306637548190e-01
1.543836955247684939e-01
1.517181639103183655e-01
1.290221694745756209e-01
8.280685371277585194e-02
5.508402224097944111e-02
7.964932310945588290e-02
1.025193916081186402e-01
8.680711221992604143e-02
8.119987244756295131e-02
8.396907651164944864e-02
8.532346562607424911e-02
9.482064768863897319e-02
1.046551395133269724e-01
1.059044917193973229e-01
1.123293269025117530e-01
9.904867801977679242e-02
8.416691806563071643e-02
9.107166794799922971e-02
8.854528408858962363e-02
9.660185537136252443e-02
8.695513871008293816e-02
1.180138429496411373e-01
1.731029221245445893e-01
1.463347952938965357e-01
1.401031870353852959e-01
1.398097521815405975e-01
1.655588199236541491e-01
1.780511274695542601e-01
1.597590836029042505e-01
1.405903632577788775e-01
1.518526527688683347e-01
2.003246415466813091e-01
2.243770390139098736e-01
2.486766803901735157e-01
2.850156772636661118e-01
3.038931986016184528e-01
2.856371685492012369e-01
3.267338522617436181e-01
3.594277348847796927e-01
3.728234964689031705e-01
3.809211949029419064e-01
3.892176264558991905e-01
3.990561313318447545e-01
3.746439295771273326e-01
3.793670359637963951e-01
3.798123620500756803e-01
3.736610326706553131e-01
4.217894258888184034e-01
4.049369855473163304e-01
3.768496364099857554e-01
3.844584104893232213e-01
3.621108079307436278e-01
3.308366857873756284e-01
3.546395527370937439e-01
3.726034717438750921e-01
4.131073007961647003e-01
4.356605867116416508e-01
4.494434866789548400e-01
4.527216365962492550e-01
4.674161419779258031e-01
4.469958552559751830e-01
3.905081663196691144e-01
3.514388348606426460e-01
3.093053223667334706e-01
2.846294424808126777e-01
2.602915141820332234e-01
2.930194600528802096e-01
2.786221755060201422e-01
2.999878000237636844e-01
2.337372556225323639e-01
2.542161031578861197e-01
3.038062428529925696e-01
2.555461632101056479e-01
2.254029282812606838e-01
2.005865188335870797e-01
1.555099396260900546e-01
7.765340023409030012e-02
2.934815112442212132e-02
4.997229715966981095e-02
1.915187811700306067e-02
4.712220716437915541e-02
7.031952560825710519e-02
1.875776501464834767e-01
1.953537747934736557e-01
1.620083875154450237e-01
8.483082358847125748e-02
2.660743473004079183e-03
-8.298481861859564879e-02
-8.543602594299937181e-02
-6.170946545951520867e-02
1.822488800193568584e-02
1.127818962202612046e-01
1.809281804123233639e-01
1.891292474603697704e-01
2.187147622149373249e-01
2.350412710733662813e-01
1.559636283714984362e-01
1.445890703981271008e-01
5.309209340314584302e-02
-2.188939780695995513e-02
-1.993492630011800826e-01
-2.475583992019647628e-01
-2.715096035615253700e-01
-1.145383416765175799e-01
-1.317175013373604042e-01
-5.524552600744159214e-02
-4.272830812244605980e-02
-2.380970651218989459e-02
4.222066926102945039e-02
1.444850897788209354e-01
-8.277301356653466238e-03
-1.391553060254272500e-01
-2.867268171430259471e-01
-4.425960198625358277e-01
-3.996345954430702285e-01
-2.728242453121809685e-01
-1.382458080982375825e-01
-3.005589514598822620e-01
-3.873722127429963802e-01
-3.294829476981420702e-01
-8.116202834702528068e-02
-1.864657738448106672e-01
-3.254091309456358938e-01
-1.817325256733654248e-01
-1.347429355168577314e-01
-4.358159768619246366e-01
-3.414695664137203934e-01
4.480449689558885923e-02
-3.063836920065114433e-01
0.000000000000000000e+00
