1.000000000000000000e+00
7.047394353107910847e-01
4.412242410339879961e-01
2.909322808235120239e-01
1.488825140130293767e-01
6.800945963733547039e-02
3.388025364695688990e-02
-2.184405955557336756e-02
-4.954537779323173879e-02
-2.208048377865612366e-02
-1.634287159881021509e-02
3.570981239941120600e-02
8.583671371346321410e-02
1.166786868888650547e-01
9.015426163829903805e-02
7.267676308765220680e-03
-9.806762209736145930e-02
-9.042687312011546408e-02
-6.270679162462285301e-03
1.028581935005072438e-02
2.081337613465535086e-02
5.889693406812936127e-02
2.590034038091704877e-02
5.025887930838078207e-03
-4.881238948288351559e-02
-8.167704809977197056e-02
-1.132493945081418096e-01
-1.112782623342754018e-01
-1.039536435454358962e-02
4.451614739637144852e-02
8.601108545004230999e-02
9.745965773069562021e-02
8.756372610250930111e-02
6.480828095578776427e-02
7.450925393577750855e-02
4.305671537385580977e-02
-3.705846447548682976e-02
-1.237428146768841802e-01
-1.497448697415152685e-01
-2.401638922882452787e-01
-2.436757991772642573e-01
-1.536594583633550115e-01
-7.571511329619869113e-02
1.461789890774497190e-02
-2.192697351109185525e-02
-1.805162560743657496e-01
-1.799675485198396485e-01
-9.491266833177695872e-02
-8.717431205394578220e-02
-4.149963289384673432e-02
-6.494176063644231667e-02
-8.396901234520227908e-02
-9.765946658578734951e-02
-8.187132099589899958e-02
-1.063278684212764363e-01
-1.119994096688606139e-01
-9.514119922565647536e-02
-1.368031835310641042e-01
-1.432660884710003635e-01
-1.029619510585439712e-01
-5.012748687708512563e-02
7.511152630336576097e-02
1.428865539552253427e-01
1.357996032766590200e-01
1.793942079071419449e-01
2.090182310192649495e-01
2.076477257781444152e-01
1.214962483186157322e-01
-2.115681644939713599e-02
-1.249826273281569727e-01
-1.305572711670951180e-01
-1.029176844521673684e-01
-5.814149803830069574e-02
-3.203725028189703672e-02
1.055012483696096161e-02
4.257929478496058628e-02
6.751610573869065712e-02
7.049838167460141525e-02
6.281555962597247869e-03
2.040397759704355718e-02
-4.099584051289109111e-03
-6.412446335835168820e-02
-1.174455903102485238e-01
-1.308538889188753385e-01
-6.091897477241014353e-02
3.316074018780160605e-03
-5.978871496141566211e-02
-1.003050221630667482e-01
-1.449813905773157940e-01
-1.822297854120949190e-01
-1.733100838412747757e-01
-1.582896966138692407e-01
-1.905037178457721914e-01
-1.584550898691097776e-01
-4.460002003509091345e-02
4.651049689879165061e-02
7.457872603504989151e-02
1.257770477704384660e-01
8.918450702123631446e-02
1.670909413330799037e-02
-6.576250300144519112e-02
-1.841780852216202968e-01
-1.752574370747703447e-01
-2.341933916620923539e-01
-3.267080205412115079e-01
-3.551396959483436033e-01
-3.213517580838051169e-01
-2.888936649371204868e-01
-1.662259180080316034e-01
-1.228328326040446644e-01
-1.714938966838371881e-01
-2.764943526100774873e-01
-3.769158562312135974e-01
-3.045921354604970155e-01
-1.971982927364739624e-01
-1.249874137999118506e-01
-7.405619527316076312e-02
1.878009974406595617e-02
7.510522653997472875e-02
1.190006961842758754e-01
2.277230470218866987e-01
2.214752305382841902e-01
2.194147939797543578e-01
2.907184196829235012e-01
2.280731288284858493e-01
2.081525544627022828e-01
1.762798167896357238e-01
2.516000404310570482e-01
3.514865047248186825e-01
2.751622005386112346e-01
9.269184031285113146e-02
6.131691871365173990e-02
1.064420604556791522e-01
1.623263406511934667e-02
-3.036796723115116683e-02
-1.117597863735016600e-01
-1.049373207627521676e-01
-1.892872245324432948e-02
1.082365945884993519e-01
8.038911097923290283e-02
8.462942911379216226e-02
1.874805377768861969e-01
1.316576779488613513e-01
2.896553169915129164e-02
-1.102687288563959818e-02
1.141352316333175097e-02
1.264359092002389495e-01
9.730297648418020917e-02
4.784686365762326477e-02
1.279752684449428357e-01
1.768265776275670664e-01
1.990620042725911032e-01
2.337068716861400719e-01
1.216647051697304638e-01
2.082652065823759405e-02
8.195230497289902882e-02
1.802832840103478773e-01
2.455174046358919171e-01
3.205291292255861846e-01
3.952683674938470837e-01
4.012048820488656742e-01
2.389605085033583431e-01
7.707092629823478203e-02
-2.451027898997807514e-02
-2.042800538982096903e-01
-3.616827250727951415e-01
-2.528088095421321957e-01
-1.265839515227796530e-01
-1.365569091003819568e-01
1.149356755985719847e-02
1.644545323207199650e-01
2.777633420620466143e-01
3.180861611023239055e-01
6.125660954174604739e-02
-7.074524011736040008e-02
-1.250239436045431363e-01
-1.845637119357597944e-01
-3.238036657057216661e-01
-3.963611307442458376e-01
-2.487882575049075451e-01
-2.355851345780081429e-02
2.109172174393690313e-01
2.107513739529758567e-01
2.668125492758647854e-01
2.781716781363403612e-01
3.995443340516666719e-01
1.565882982422741598e-01
-8.322149428584074693e-02
-9.600849314613379981e-02
-1.563129084291589310e-01
2.518948746641778286e-02
-2.280455153612190866e-01
-3.981162250200473429e-01
-2.133950120117908064e-02
4.757007525132856407e-01
5.047320898666678435e-01
-3.173603591767205079e-01
-2.371959731050372333e-01
4.892922025850940382e-02
0.000000000000000000e+00
