1.000000000000000000e+00
9.797529945433093301e-01
9.631527366850778371e-01
9.458304932313854607e-01
9.284563455989452985e-01
9.110563072644022320e-01
8.949534003265678939e-01
8.795578435296955710e-01
8.635690989488586933e-01
8.507276323771314486e-01
8.358007046837843124e-01
8.185760453908149659e-01
8.024738500198413949e-01
7.862319386406247945e-01
7.698606778759667923e-01
7.568511621800071421e-01
7.429878978383100963e-01
7.311093254319322998e-01
7.153395081357152296e-01
7.006207890920628234e-01
6.862801884951849063e-01
6.711939924012115810e-01
6.543730118902544302e-01
6.389437532448957180e-01
6.236575243716984129e-01
6.061887350026750054e-01
5.888150532487991251e-01
5.714735303574151049e-01
5.520825095513136604e-01
5.363079029354943517e-01
5.232600808358738309e-01
5.123982932249925293e-01
5.072192167027070875e-01
5.028577270237538643e-01
4.980689077804642539e-01
4.939161847594104593e-01
4.901365527713261172e-01
4.875127608906609789e-01
4.842154517283463466e-01
4.812994158337441930e-01
4.760194521086097974e-01
4.721370453327600192e-01
4.702909836449305492e-01
4.680499524659174071e-01
4.670563452024194540e-01
4.660741935173727257e-01
4.613289360814255557e-01
4.586355183998236384e-01
4.540846392884786975e-01
4.497764483287794990e-01
4.451981368725237420e-01
4.382116693859294809e-01
4.306653310258254930e-01
4.235522167739519950e-01
4.178520650020012828e-01
4.133015513636598692e-01
4.077264861139274221e-01
4.066482288340241835e-01
4.039208250141700374e-01
4.038196758227438066e-01
4.022755827824839869e-01
3.981540908901093356e-01
3.956361186061810864e-01
3.880895797047371754e-01
3.854627014725917067e-01
3.793462038001105818e-01
3.740745836432409210e-01
3.712920428168379194e-01
3.708942103637924426e-01
3.678894398192217308e-01
3.663336376067428124e-01
3.642938068119089823e-01
3.622620040284736942e-01
3.530565413767705052e-01
3.479566685552180072e-01
3.392147061040601264e-01
3.321018614028545812e-01
3.293163824348823709e-01
3.251861924273574123e-01
3.205276925087340856e-01
3.149518959453356248e-01
3.125675332426645636e-01
3.118444903715698602e-01
3.158629382840819622e-01
3.190717036238046589e-01
3.220175947304222963e-01
3.284766078953880730e-01
3.358008679136479380e-01
3.407734268572309988e-01
3.464868804028098381e-01
3.490824919065679266e-01
3.488649180994092824e-01
3.464059365301788151e-01
3.444197295221699262e-01
3.431657011376810229e-01
3.422991835828176344e-01
3.433857934051287586e-01
3.408793601004291296e-01
3.381092151183007211e-01
3.363363089404043382e-01
3.323441811394566292e-01
3.307273634349344182e-01
3.232111609255032825e-01
3.167366757851923786e-01
3.118760773108336659e-01
3.066399578224793809e-01
3.029504530589023359e-01
3.027283658435202529e-01
2.989654773961096246e-01
2.973431958218604176e-01
2.931680259354481066e-01
2.900465356003529283e-01
2.826449442033279746e-01
2.742213012105730319e-01
2.630909771962633981e-01
2.538077797889103926e-01
2.498231069219045974e-01
2.475210971517439462e-01
2.446143857637064489e-01
2.420310604075998351e-01
2.396031943037114087e-01
2.373522612723354408e-01
2.331732577645061200e-01
2.271150466721561789e-01
2.194516703363136312e-01
2.133972217479328803e-01
2.059731101731304970e-01
1.989798902185233864e-01
1.969389433773830467e-01
1.948062651823820601e-01
1.875926196968415172e-01
1.834040931690301690e-01
1.816700010682805733e-01
1.755878425198647008e-01
1.738959420264728772e-01
1.707046905794281644e-01
1.697803085486542241e-01
1.640034045609586322e-01
1.579986478873385281e-01
1.499969179976753664e-01
1.461725198941674631e-01
1.433882989496654270e-01
1.381735316689914617e-01
1.363569499282557829e-01
1.316247231068232992e-01
1.289727266945755735e-01
1.246262813793897473e-01
1.159652788775818039e-01
1.060759312308495322e-01
9.803662294174644853e-02
8.925570238742856766e-02
8.084431403963167340e-02
7.349076085317948759e-02
6.743103489197148359e-02
6.388938620813457148e-02
6.156707929906126558e-02
6.036069760550832886e-02
5.684356610869396864e-02
5.458909627742689064e-02
4.502778562786804301e-02
3.847548644460791617e-02
3.427853466320814058e-02
2.685809805473591064e-02
2.002534499120823402e-02
1.246802580942845892e-02
5.692933191737407049e-03
7.210584050863769710e-03
8.439575571961748304e-03
7.485311168040372984e-03
8.853751447523051585e-03
6.034588787555569822e-03
2.616938151720031038e-04
-4.939294649655903181e-03
-2.605170268923676265e-03
-6.544760050952733513e-03
-6.516198566291416493e-03
-5.668745726847961366e-03
-4.091108475864091605e-03
-3.919917876576132186e-03
4.823496614766682906e-03
7.308020542659876377e-03
6.410165863202786814e-03
9.965847875176706613e-04
-2.612989916150121501e-03
7.994277668018479445e-04
1.285915854890518900e-05
4.044730227155175924e-04
2.202796686287571072e-04
-1.770813291798877150e-03
-5.523593103837198641e-03
5.038218319347391103e-03
4.348300649957771019e-03
7.233276683592518763e-05
-2.779152837343387781e-03
-1.768134300434206141e-03
-8.217002312565335753e-03
-3.134419896224731848e-03
1.543099025833881074e-02
-8.679932020315531821e-03
0.000000000000000000e+00
